Chartmetric ID,Artista,País,Región,Continente,Pronombres,Solista/Grupo,Géneros,Puntuación en Chartmetric,Clasificación en Chartmetric,Rango de Engagement,Clasificación por base de fans,Etapa de la carrera,Momentum Reciente,Seguidores en TikTok,Me gusta en TikTok,Tasa de Participación en TikTok,Publicaciones de TikTok,Vistas en TikTok,Conteo de Shazam,Seguidores en Spotify,Oyentes mensuales en Spotify,Tasa de conversión en Spotify,Popularidad en Spotify,Alcance de playlists en Spotify,Conteo de las playlists en Spotify,Suscriptores al canal de YouTube,Vistas del canal de YouTube,Engagement en YouTube,Conteo de playlists en YouTube,Fans en Deezer,Conteo de playlists en Deezer,Alcance de playlists en Deezer,Seguidores en SoundCloud,Streams en SoundCloud,Conteo de playlists en iTunes,Conteo de playlists en Amazon,Seguidores en Instagram,Engagement en Instagram,Apariciones en radio,Seguidores de Facebook,Visualizaciones en Wikipedia,Songkick Fans,Visitas a la página de Genius,Enlace de Spotify,Primera fecha de lanzamiento,Última fecha de lanzamiento
3884730,SAIKO,España,Southern Europe,Europe,He/Him,Artistas solistas,"Latin Hip-Hop/Rap, Latin Pop, R&B/Soul, Latin",64059,727.0,529.0,4300.0,Superstar,Growth,588400.0,9800000.0,32.5132,191749.0,514456039.0,3443053.0,937796.0,15408488.0,0.060862,78.0,113919820.0,101751.0,387000.0,236780360.0,4.9035,63.0,23291.0,87.0,2079427.0,1636.0,976085.0,107.0,117.0,742713.0,17.7786,48475.0,1122.0,,103889.0,72981.0,"https://open.spotify.com/artist/10jgN4QU0ROkxU2sHNxPTi, https://open.spotify.com/artist/2O8vbr4RYPpk6MRA4fio7u, https://open.spotify.com/artist/4vFsy4H7zOes9CqUbwBoaD, https://open.spotify.com/artist/1cpHssjj3XxlIcIG8UdoMe","Feb 24, 2020","May 9, 2024"
1428885,Morad,España,Southern Europe,Europe,He/Him,Artistas solistas,"Latin Hip-Hop/Rap, Latin",56383,868.0,764.0,1889.0,Superstar,Growth,-1.0,-1.0,-1.0,1921092.0,2565557990.0,12365042.0,3062931.0,13897664.0,0.220392,78.0,58619500.0,307583.0,2920000.0,1769562493.0,2.4254,103.0,199650.0,82.0,3643526.0,23030.0,7784079.0,128.0,81.0,3632120.0,9.2745,33378.0,-1.0,241.0,114403.0,458766.0,"https://open.spotify.com/artist/3U31MyHhxbcvED6x8Mz5eX, https://open.spotify.com/artist/4az97MtWmBQ5Db3GfDh9j9, https://open.spotify.com/artist/1f7sOyceINuIOUDgH6OBgu, https://open.spotify.com/artist/7IsFY1mtIWfj9J8P1WhzNA","Jan 1, 2010","May 24, 2024"
214141,C. Tangana,España,Southern Europe,Europe,He/Him,Artistas solistas,"Latin Hip-Hop/Rap, Latin Pop, Latin",37905,1572.0,1758.0,1558.0,Superstar,Growth,431200.0,3200000.0,31.2572,1161843.0,3170207793.0,10430376.0,2712419.0,10025084.0,0.270563,70.0,60515639.0,305468.0,2330000.0,1581778432.0,1.6383,146.0,161055.0,147.0,1141224.0,10886.0,1901679.0,372.0,164.0,1751509.0,7.1061,60222.0,346671.0,258.0,279755.0,1004976.0,https://open.spotify.com/artist/5TYxZTjIPqKM8K8NuP9woO,"Jun 2, 2011","Jul 7, 2023"
256665,Omar Montes,España,Southern Europe,Europe,He/Him,Artistas solistas,"Flamenco, Latin Pop, Latin Hip-Hop/Rap, Latin",35882,1711.0,1632.0,2642.0,Mainstream,Growth,1500000.0,17600000.0,2.2801,710842.0,875669729.0,5463993.0,705569.0,9582587.0,0.07363,72.0,83312206.0,159869.0,841000.0,595905259.0,2.8723,142.0,52131.0,150.0,1967321.0,,1473806.0,182.0,100.0,1668973.0,9.8969,48176.0,173182.0,700.0,61225.0,62531.0,"https://open.spotify.com/artist/6DBzAAs0oaj5NBoVqesT3K, https://open.spotify.com/artist/3lY9Fxceu60W1rbon7PkuF","Jul 11, 2016","May 9, 2024"
740467,JC Reyes,España,Southern Europe,Europe,He/Him,Desconocido,"Latin Hip-Hop/Rap, Latin",39860,1479.0,1126.0,8572.0,Mainstream,Growth,240900.0,1900000.0,33.8813,469365.0,467200004.0,2268322.0,664845.0,8325538.0,0.079856,73.0,66169089.0,96859.0,572000.0,578395889.0,6.2421,41.0,8937.0,40.0,681128.0,,,45.0,28.0,622605.0,7.5777,4023.0,339.0,14.0,43524.0,9457.0,https://open.spotify.com/artist/0FwnPHExlRRxEZPLAi5tmG,"May 22, 2017","May 21, 2024"
3376331,Beny Jr,España,Southern Europe,Europe,He/Him,Artistas solistas,"Latin Hip-Hop/Rap, Latin",26316,2641.0,2189.0,7237.0,Mainstream,Steady,93000.0,652000.0,-1.0,143341.0,391530968.0,1857744.0,1180804.0,7914402.0,0.149197,72.0,34435287.0,165994.0,653000.0,292719443.0,1.442,31.0,50817.0,17.0,188947.0,14490.0,5274728.0,38.0,36.0,863377.0,12.2239,6622.0,-1.0,,55576.0,101212.0,"https://open.spotify.com/artist/74ubYGTo5it1DkIu4EVWlA, https://open.spotify.com/artist/22dFwJoRBV51ue5TGnC7Dt, https://open.spotify.com/artist/6Y8naBvW60JtYBIuY4uEjR","Jul 12, 2019","Apr 18, 2024"
217521,DELLAFUENTE,España,Southern Europe,Europe,He/Him,Artistas solistas,"Latin Hip-Hop/Rap, Latin",20668,3614.0,3356.0,5610.0,Mainstream,Growth,-1.0,-1.0,-1.0,40968.0,125174072.0,2284457.0,958110.0,5737110.0,0.167002,68.0,21660517.0,117878.0,526000.0,404836405.0,1.3519,58.0,33275.0,28.0,805957.0,19995.0,96540.0,102.0,55.0,611348.0,0.0,9173.0,35064.0,,81136.0,708373.0,https://open.spotify.com/artist/4bJh7sMPcVRiqe5jlnsWQV,"Jul 3, 2015","Apr 25, 2024"
186845,Maikel Delacalle,España,Southern Europe,Europe,He/Him,Artistas solistas,"Latin Hip-Hop/Rap, R&B/Soul, Latin Pop, Latin",12077,7097.0,6903.0,8431.0,Mainstream,Growth,145600.0,1700000.0,23.2404,315886.0,214590532.0,2514601.0,499269.0,3619217.0,0.137949,60.0,22835101.0,97957.0,1040000.0,455683942.0,0.2934,26.0,13048.0,70.0,311210.0,477.0,,74.0,24.0,429850.0,2.4469,6019.0,139254.0,129.0,57341.0,178828.0,https://open.spotify.com/artist/2t7vyRN71qtQT18frElAnV,"Jan 9, 2016","Apr 14, 2024"
159826,Soge Culebra,España,Southern Europe,Europe,He/Him,Artistas solistas,Hip-Hop/Rap,9940,8997.0,8871.0,9955.0,Mainstream,Steady,-1.0,-1.0,-1.0,6757.0,38575276.0,715656.0,241042.0,2471707.0,0.09752,57.0,14579532.0,48444.0,814000.0,270326668.0,0.1128,26.0,10385.0,40.0,43444.0,,,34.0,67.0,153861.0,3.3142,2924.0,22232.0,,26165.0,13234.0,https://open.spotify.com/artist/2SNfNJDsahTSVFwgxposF5,"May 27, 2016","May 23, 2024"
736564,Pepe : Vizio,España,Southern Europe,Europe,He/Him,Grupo,"Latin Hip-Hop/Rap, Latin",8313,11110.0,9200.0,28631.0,Mid-Level,Growth,-1.0,-1.0,-1.0,7209.0,23438447.0,301253.0,63509.0,2211310.0,0.02872,58.0,9933634.0,36228.0,72600.0,62217981.0,-1.0,21.0,543.0,18.0,73842.0,1341.0,2429.0,21.0,12.0,27661.0,6.1726,150.0,-1.0,,209.0,-1.0,"https://open.spotify.com/artist/1HS7JLLRSPjudc6yVY51JW, https://open.spotify.com/artist/4CxOLw8PhsxbgeMrESLKG0, https://open.spotify.com/artist/4rvJ0Ktz2X2Erea9XUHxfu","Mar 10, 2016","Jan 26, 2024"
718123,Don Patricio,España,Southern Europe,Europe,He/Him,Artistas solistas,"Latin Hip-Hop/Rap, Latin",11444,7563.0,7661.0,8008.0,Mainstream,Growth,-1.0,-1.0,-1.0,221225.0,104992046.0,2069932.0,640880.0,2124182.0,0.301707,53.0,13624324.0,93796.0,663000.0,362650509.0,14.3621,35.0,38956.0,61.0,2606690.0,,,81.0,26.0,286791.0,5.0036,5744.0,6493.0,64.0,42562.0,48509.0,https://open.spotify.com/artist/6vPXtLmNd3mW0dd1Rb9eQ9,"Jan 15, 2017","Oct 19, 2022"
487991,Sen Senra,España,Southern Europe,Europe,He/Him,Desconocido,"Latin Pop, Electronic, R&B/Soul, Latin",7901,11781.0,10788.0,16427.0,Mid-Level,Steady,27100.0,291200.0,12.5465,5921.0,56278501.0,547909.0,194369.0,1775267.0,0.109487,57.0,9769823.0,59275.0,114000.0,46797468.0,3.7292,1.0,3376.0,20.0,306230.0,440.0,,61.0,36.0,180697.0,13.4502,4900.0,10515.0,,48511.0,44281.0,https://open.spotify.com/artist/5lWasZeo8uWQk6GD8czJLq,"Feb 11, 2015","May 17, 2024"
392791,Kaydy Cain,España,Southern Europe,Europe,He/Him,Artistas solistas,"Latin Hip-Hop/Rap, Latin",8262,11185.0,10518.0,14113.0,Mainstream,Growth,332800.0,6600000.0,10.6971,35591.0,107562220.0,1480948.0,491022.0,1746274.0,0.281183,57.0,11176951.0,92049.0,667000.0,423199011.0,0.4419,2.0,12480.0,16.0,28575.0,5846.0,,44.0,9.0,636609.0,6.485399999999999,2170.0,143118.0,36.0,42038.0,371123.0,"https://open.spotify.com/artist/4nXXIxTneJksvGXrlmX8oA, https://open.spotify.com/artist/0ganuvNKRMAYW21WBr6OQ4","Feb 8, 2009","May 17, 2024"
217478,Maka,España,Southern Europe,Europe,He/Him,Artistas solistas,"Latin Hip-Hop/Rap, Flamenco, Latin Pop, Latin",8752,10490.0,10288.0,11465.0,Mainstream,Steady,180500.0,706500.0,13.0028,213305.0,228241134.0,2870958.0,716441.0,1662966.0,0.430821,61.0,5255887.0,50054.0,907000.0,953118920.0,2.6062,36.0,24490.0,22.0,29531.0,4945.0,2170401.0,28.0,17.0,511804.0,6.4351,773.0,120451.0,15.0,32338.0,85740.0,https://open.spotify.com/artist/4lHAjTCvXGu8QIM3cEe93m,"Aug 20, 2009","Feb 29, 2024"
215544,Cruz Cafuné,España,Southern Europe,Europe,He/Him,Artistas solistas,"Latin Hip-Hop/Rap, R&B/Soul, Latin",10793,8136.0,9044.0,6735.0,Mainstream,Steady,87800.0,1400000.0,23.9431,343295.0,1045070595.0,2712201.0,362483.0,1633813.0,0.221863,66.0,27877017.0,150506.0,199000.0,121767739.0,6.6201,42.0,7691.0,49.0,107484.0,4021.0,52650.0,76.0,76.0,293894.0,17.9003,8170.0,10759.0,135.0,52768.0,847443.0,"https://open.spotify.com/artist/3gfS9BKXBCC6dHjRpms40z, https://open.spotify.com/artist/0jeYkqwckGJoHQhhXwgzk3","Aug 11, 2016","May 8, 2024"
95417,Natos y Waor,España,Southern Europe,Europe,He/Him,Grupo,Hip-Hop/Rap,7904,11775.0,13364.0,8741.0,Mainstream,Growth,-1.0,-1.0,-1.0,26185.0,90385927.0,799045.0,802575.0,1585171.0,0.506302,62.0,6199139.0,68418.0,987000.0,802587232.0,0.1812,16.0,36963.0,19.0,64695.0,,,14.0,26.0,695252.0,4.1361,165.0,45687.0,,53655.0,543470.0,https://open.spotify.com/artist/1QJbbsxg2wqidJj51d3otw,"Feb 3, 2014","Apr 11, 2024"
122666,Yung Beef,España,Southern Europe,Europe,He/Him,Desconocido,"Latin Hip-Hop/Rap, Latin",7407,12636.0,12864.0,12161.0,Mainstream,Growth,40100.0,302900.0,31.3416,57554.0,299731692.0,1263120.0,512230.0,1506775.0,0.339951,61.0,11521586.0,94099.0,432000.0,271626270.0,2.4231,13.0,12938.0,11.0,40187.0,37302.0,9282864.0,47.0,16.0,578071.0,10.189,1973.0,44431.0,262.0,49910.0,928253.0,https://open.spotify.com/artist/1rTUwYS38LkQTlT2fhikch,"Dec 6, 2013","May 3, 2024"
821558,El Jincho,España,Southern Europe,Europe,He/Him,Artistas solistas,"Latin Hip-Hop/Rap, Latin",7478,12506.0,11567.0,16811.0,Mainstream,Growth,48800.0,491700.0,-1.0,133765.0,161011734.0,1391453.0,395588.0,1381491.0,0.286349,56.0,6967450.0,55662.0,1540000.0,422528378.0,1.8393,3.0,13102.0,10.0,72121.0,6378.0,8014.0,3.0,1.0,722274.0,1.9368,117.0,-1.0,,10531.0,-1.0,"https://open.spotify.com/artist/2w1wJcGdJQ4Lw08oKBnDsw, https://open.spotify.com/artist/1MQtdrGNEf91BgB5uPorVp, https://open.spotify.com/artist/3P24nStR7EN1ZYBCuEqXXm, https://open.spotify.com/artist/6rPr6s7y7SqKQA5AmJtLbg","Jun 14, 2017","May 3, 2024"
311109,Recycled J,España,Southern Europe,Europe,He/Him,Artistas solistas,"Latin Hip-Hop/Rap, Latin",4860,20017.0,22449.0,14778.0,Mid-Level,Growth,24500.0,393600.0,37.0571,10018.0,29752934.0,563267.0,229272.0,1339251.0,0.171194,58.0,9986550.0,70925.0,208000.0,109660248.0,1.9928,17.0,9499.0,23.0,23069.0,,,31.0,26.0,271664.0,7.894900000000001,383.0,7263.0,37.0,25950.0,213863.0,"https://open.spotify.com/artist/1UHVjic1GcPw8tqxBK9YfO, https://open.spotify.com/artist/096Mux4zmJ3qr6BK6Rj6um, https://open.spotify.com/artist/4bWHA8fMNjzfGPQqnh5D6y","Feb 20, 2015","May 14, 2024"
1694149,rusowsky,España,Southern Europe,Europe,He/Him,Desconocido,"Latin Hip-Hop/Rap, Latin Pop, Electronic, Latin",6031,15882.0,14565.0,22534.0,Mainstream,Growth,-1.0,-1.0,-1.0,3565.0,12805610.0,515060.0,134477.0,1248888.0,0.107677,56.0,6622123.0,58072.0,35900.0,12092245.0,21.7014,4.0,1472.0,8.0,23998.0,4594.0,116145.0,11.0,26.0,85816.0,14.3618,964.0,-1.0,,36482.0,-1.0,https://open.spotify.com/artist/1XEVu7gdRFfzEFqsPrancH,"Apr 4, 2018","May 21, 2024"
3979510,Raul Clyde,España,Southern Europe,Europe,He/Him,Desconocido,"Latin Hip-Hop/Rap, Afrobeat, Latin Pop, Latin",3912,24953.0,21836.0,47125.0,Mid-Level,Growth,13600.0,240300.0,28.1176,188.0,4705793.0,118805.0,38808.0,1218079.0,0.03186,57.0,6852607.0,19543.0,16800.0,10467367.0,7.7622,,108.0,4.0,8928.0,,,8.0,20.0,38388.0,24.6847,98.0,-1.0,,7064.0,-1.0,"https://open.spotify.com/artist/2PAyYzUdafG4mFFp6Rynsk, https://open.spotify.com/artist/2izmC3RVOdNsFolMAsLQ4Z","Aug 14, 2020","Apr 12, 2024"
1744117,Aissa,España,Southern Europe,Europe,He/Him,Desconocido,"Latin Hip-Hop/Rap, Latin Pop, R&B/Soul, Latin",4562,21329.0,19125.0,33976.0,Mid-Level,Growth,168400.0,2400000.0,4.5641,44527.0,21722886.0,236989.0,51444.0,1093792.0,0.047033,50.0,5906686.0,37876.0,145000.0,61381035.0,10.8834,6.0,,8.0,6987.0,,223036.0,9.0,3.0,173292.0,4.5165,212.0,608.0,122.0,8994.0,6645.0,https://open.spotify.com/artist/6RWMnZmXs8Ob715qLr4374,"Apr 20, 2011","Apr 19, 2024"
114414,La Zowi,España,Southern Europe,Europe,She/Her,Desconocido,"Latin Hip-Hop/Rap, Latin",5410,17911.0,17063.0,21100.0,Mid-Level,Growth,183400.0,1600000.0,9.024,25111.0,110462765.0,395109.0,271003.0,1093596.0,0.247809,54.0,5272228.0,42318.0,50400.0,0.0,3.1528,8.0,4335.0,20.0,503115.0,,,25.0,19.0,439133.0,10.1045,453.0,8402.0,33.0,18386.0,161171.0,https://open.spotify.com/artist/1jB62pOe5WpGiHOBDtKBBG,"Sep 16, 2016","May 3, 2024"
749956,Khaled,España,Southern Europe,Europe,He/Him,Desconocido,"Latin Hip-Hop/Rap, Latin",4443,21915.0,24075.0,17080.0,Mid-Level,Steady,54.0,93.0,-1.0,16936.0,75981805.0,256318.0,60443.0,996984.0,0.060626,49.0,1666924.0,35271.0,229000.0,98915118.0,6.592499999999999,9.0,1362.0,5.0,927.0,1119.0,51731.0,4.0,4.0,232024.0,5.9129,205.0,21561163.0,96.0,,28970.0,https://open.spotify.com/artist/2YxK9SbJeVfkfk6QWHqj8K,"Jan 1, 2000","Dec 15, 2023"
713823,LOWLIGHT,España,Southern Europe,Europe,He/Him,Desconocido,Hip-Hop/Rap,4248,22944.0,22829.0,23583.0,Mid-Level,Steady,-1.0,-1.0,-1.0,14682.0,227836027.0,309960.0,13199.0,968898.0,0.013623,52.0,5144050.0,54940.0,10400.0,8954438.0,-1.0,7.0,,14.0,48456.0,992.0,7090.0,22.0,22.0,18685.0,4.930099999999999,554.0,4135.0,29.0,3893.0,41854.0,https://open.spotify.com/artist/7LHU5Uga349zOVMpDPf4ij,"Oct 6, 2009","May 14, 2024"
84065,Foyone,España,Southern Europe,Europe,He/Him,Artistas solistas,Hip-Hop/Rap,3361,29023.0,30112.0,25712.0,Mid-Level,Growth,-1.0,-1.0,-1.0,1798.0,1532910.0,204207.0,184119.0,939222.0,0.196034,51.0,4925608.0,29597.0,437000.0,253447991.0,0.3382,5.0,11563.0,17.0,121066.0,3936.0,,11.0,12.0,242914.0,2.5951,229.0,122528.0,35.0,9081.0,151054.0,https://open.spotify.com/artist/1F2erLLqRHbaFvEYHeVIHJ,"Sep 5, 2013","Apr 1, 2024"
736946,Soto Asa,España,Southern Europe,Europe,He/Him,Desconocido,"Latin Hip-Hop/Rap, Latin Dance, Electronic, Latin",3892,25081.0,24295.0,28456.0,Mid-Level,Steady,48400.0,609000.0,3.3471,12748.0,43001561.0,392052.0,209590.0,914699.0,0.229135,55.0,6000346.0,54642.0,139000.0,135412965.0,1.2871,5.0,4347.0,11.0,193807.0,9155.0,5344.0,17.0,7.0,229704.0,4.3287,80.0,-1.0,,29032.0,70262.0,https://open.spotify.com/artist/6gyhsZUy2fzzWZBRVPmOw4,"Aug 18, 2017","May 9, 2024"
3655492,Judeline,España,Southern Europe,Europe,She/Her,Artistas solistas,"R&B/Soul, Latin Pop, Latin Hip-Hop/Rap, Latin",3806,25613.0,27512.0,20835.0,Mid-Level,Steady,21200.0,293200.0,12.9481,1455.0,2900676.0,160110.0,67082.0,901131.0,0.074442,52.0,5392723.0,22092.0,22200.0,4253319.0,23.9361,6.0,532.0,5.0,101836.0,,,34.0,42.0,94554.0,14.2008,507.0,-1.0,,19521.0,-1.0,https://open.spotify.com/artist/1H6X7yhnXZg73f9bssaj1Q,"Sep 26, 2019","Apr 10, 2024"
548118,Ayax y Prok,España,Southern Europe,Europe,He/Him,Grupo,"Latin Hip-Hop/Rap, Latin",6006,15935.0,16135.0,15646.0,Mid-Level,Growth,-1.0,-1.0,-1.0,14599.0,59769588.0,488409.0,672712.0,864653.0,0.778014,56.0,2912305.0,45653.0,1060000.0,671797329.0,1.8884,4.0,28894.0,8.0,14910.0,1654.0,,4.0,9.0,154421.0,2.9039,203.0,86162.0,,44118.0,215581.0,https://open.spotify.com/artist/5Ypafuz95Xk09YDf4tgAvU,"May 11, 2016","May 10, 2024"
566889,Dollar Selmouni,España,Southern Europe,Europe,He/Him,Artistas solistas,"Latin Hip-Hop/Rap, Latin Dance, R&B/Soul, Latin",3059,31879.0,35891.0,22650.0,Mid-Level,Growth,19700.0,124700.0,18.4416,7756.0,35827195.0,422278.0,80953.0,802064.0,0.100931,51.0,4515523.0,45070.0,247000.0,34830024.0,0.9182,13.0,2498.0,24.0,17730.0,377.0,4825.0,20.0,27.0,129246.0,5.222799999999999,154.0,8840.0,,9753.0,68348.0,"https://open.spotify.com/artist/30mzX0biVjYpAPdmUZ6uFy, https://open.spotify.com/artist/2544NCTfffschCn1NZVMSb","May 28, 2012","May 10, 2024"
1453791,Al Safir,España,Southern Europe,Europe,He/Him,Artistas solistas,Hip-Hop/Rap,4186,23272.0,20402.0,42302.0,Mid-Level,Growth,-1.0,-1.0,-1.0,11802.0,32722723.0,248300.0,165795.0,785310.0,0.21112,59.0,1873290.0,30711.0,112000.0,72310412.0,1.9333,2.0,3251.0,3.0,4328.0,,,3.0,8.0,180929.0,7.8616,19.0,1525.0,14.0,21315.0,46913.0,https://open.spotify.com/artist/5NzCASNJVvcPW4uGwMRlPl,"Apr 12, 2019","Apr 30, 2024"
270977,Neelo,España,Southern Europe,Europe,He/Him,Artistas solistas,"Latin Hip-Hop/Rap, Latin",3170,30776.0,25917.0,80395.0,Mid-Level,Steady,-1.0,-1.0,-1.0,2773.0,10081246.0,191457.0,21165.0,743412.0,0.02847,48.0,2420310.0,21431.0,103000.0,28323189.0,-1.0,3.0,726.0,3.0,19021.0,722.0,,3.0,,47989.0,0.0,8.0,2370.0,,805.0,44497.0,"https://open.spotify.com/artist/2ENPnSzAeiXxEGFVQffe5q, https://open.spotify.com/artist/6LVDISy4uGuje6Kffqg8iS","Nov 26, 2016","Mar 28, 2024"
48442,Denom,España,Southern Europe,Europe,He/Him,Artistas solistas,Hip-Hop/Rap,3171,30768.0,32139.0,26491.0,Mid-Level,Steady,-1.0,-1.0,-1.0,18930.0,40137458.0,296148.0,140818.0,726587.0,0.193807,49.0,2889921.0,35243.0,128.0,218564.0,-1.0,3.0,4801.0,5.0,11062.0,30.0,,11.0,7.0,160318.0,3.2878,28.0,2044.0,,14094.0,29846.0,"https://open.spotify.com/artist/0Qj6kZDa155oL7jBsuKFBu, https://open.spotify.com/artist/4ju4iPRnVRUBFTtCFmDs6W, https://open.spotify.com/artist/0fwnNjAay5ZHP5bAd63g8Y","Dec 2, 2015","Apr 4, 2024"
825131,Rojuu,España,Southern Europe,Europe,He/Him,Desconocido,"Hip-Hop/Rap, Pop, Rock",4064,23990.0,26707.0,17960.0,Mid-Level,Growth,615100.0,10900000.0,3.8847,23356.0,124335796.0,269274.0,340342.0,676149.0,0.503354,56.0,3563383.0,51100.0,259000.0,59741185.0,0.5556,7.0,9484.0,6.0,12640.0,36322.0,3048176.0,9.0,6.0,419719.0,14.7481,408.0,-1.0,,33073.0,86111.0,https://open.spotify.com/artist/04mTej6RpWzBxGwhfThpIi,"Apr 15, 2017","Mar 22, 2024"
68927,Nikone,España,Southern Europe,Europe,He/Him,Desconocido,"Latin Hip-Hop/Rap, Latin",3234,30151.0,33414.0,22432.0,Mid-Level,Steady,-1.0,-1.0,-1.0,8662.0,10730445.0,267375.0,267393.0,673236.0,0.397176,51.0,2123948.0,33566.0,475000.0,255311725.0,1.6802,4.0,9465.0,4.0,10270.0,939.0,,6.0,3.0,161856.0,2.1252,26.0,-1.0,,19944.0,9784.0,"https://open.spotify.com/artist/4Ln6slNFfBgJgpNT6J7ogM, https://open.spotify.com/artist/105iYV1T7lf8Rysxo0KzfD","Mar 22, 2013","May 21, 2024"
213637,La Mafia del Amor,España,Southern Europe,Europe,He/Him,Desconocido,"Latin Dance, R&B/Soul, Latin, Electronic",3632,26865.0,25810.0,31255.0,Mid-Level,Explosive Growth,-1.0,-1.0,-1.0,13745.0,45544003.0,575921.0,409349.0,670327.0,0.610671,52.0,2491023.0,34502.0,231000.0,152947433.0,4.8935,,11566.0,1.0,465.0,4407.0,,13.0,,65319.0,7.2689,96.0,12414.0,96.0,27613.0,179325.0,https://open.spotify.com/artist/58BvN1pGtlKYP897Qsq5QA,"Aug 14, 2015","May 24, 2024"
821562,WE$T DUBAI,España,Southern Europe,Europe,He/Him,Grupo,"Latin Hip-Hop/Rap, Latin",3158,30890.0,33768.0,23539.0,Mid-Level,Growth,-1.0,-1.0,-1.0,1873.0,8558285.0,124518.0,62929.0,655567.0,0.095992,48.0,4052345.0,36031.0,123000.0,24668097.0,-1.0,4.0,9010.0,14.0,95328.0,,,13.0,16.0,118176.0,0.0,34.0,1290.0,,1121.0,28849.0,"https://open.spotify.com/artist/1J6DelJx7nMenBZlch2NES, https://open.spotify.com/artist/7bdg7ifKpKDU9YYxXraV1i, https://open.spotify.com/artist/0ThxHJx0ElqLD8h2Compyq","Sep 30, 2017","May 2, 2024"
164413,Kaze,España,Southern Europe,Europe,He/Him,Artistas solistas,Hip-Hop/Rap,3501,27858.0,36760.0,15078.0,Mid-Level,Growth,-1.0,-1.0,-1.0,5004.0,15357742.0,184810.0,236141.0,632180.0,0.373534,55.0,2306861.0,29662.0,512000.0,206186804.0,0.8231999999999999,5.0,9756.0,2.0,4618.0,,,6.0,12.0,293249.0,2.7807,97.0,24644.0,,21894.0,212592.0,https://open.spotify.com/artist/2X11x8C63wCzAf1WwsIuLg,"Nov 17, 2010","Apr 12, 2024"
1035434,Aleesha,España,Southern Europe,Europe,She/Her,Desconocido,"Latin Hip-Hop/Rap, Latin Pop, R&B/Soul, Latin",4911,19819.0,18195.0,27400.0,Mid-Level,Steady,155800.0,3000000.0,12.836,1835.0,15074957.0,116802.0,41234.0,611849.0,0.067392,47.0,6371131.0,23812.0,99400.0,22775567.0,1.9314,7.0,624.0,7.0,182923.0,,,17.0,17.0,190886.0,5.158399999999999,2195.0,-1.0,4.0,5037.0,42995.0,https://open.spotify.com/artist/18qC8mrcJ9ZjChRDPvpadi,"May 5, 2018","May 24, 2024"
3643320,JC el Diamante,España,Southern Europe,Europe,He/Him,Artistas solistas,"Latin Pop, Latin",2603,37082.0,34783.0,47392.0,Mid-Level,Steady,106600.0,4000000.0,6.682,93561.0,126365372.0,569163.0,71394.0,610416.0,0.11696,47.0,3347218.0,28816.0,50700.0,29090252.0,4.4693,18.0,1109.0,7.0,10340.0,146.0,222188.0,11.0,3.0,45713.0,7.234400000000001,1225.0,50.0,,6010.0,-1.0,"https://open.spotify.com/artist/4ueCAWMliPUYJwjuYm6Yu3, https://open.spotify.com/artist/1FxsUemFullSXJpySUsT0J","Jun 16, 2018","May 3, 2024"
827462,Easy-S,España,Southern Europe,Europe,He/Him,Desconocido,Hip-Hop/Rap,2258,42401.0,39397.0,59088.0,Mid-Level,Steady,-1.0,-1.0,-1.0,1140.0,7874915.0,138827.0,62813.0,603829.0,0.104024,48.0,2337206.0,36224.0,4130.0,3018889.0,3.4442,3.0,2998.0,4.0,7517.0,6.0,,4.0,6.0,81367.0,4.9886,145.0,-1.0,,3960.0,7318.0,"https://open.spotify.com/artist/4lL5BhsGAgC6GZOTameql0, https://open.spotify.com/artist/4oNsvVnFz4HQ0UPpPFSuJX","Sep 5, 2017","Apr 14, 2024"
521709,Bejo,España,Southern Europe,Europe,He/Him,Grupo,Hip-Hop/Rap,7366,12701.0,13309.0,11398.0,Mid-Level,Steady,-1.0,-1.0,-1.0,150485.0,937812708.0,933305.0,257613.0,599726.0,0.429551,54.0,11866128.0,97362.0,383000.0,140785771.0,4.2201,24.0,5444.0,23.0,56738.0,,,24.0,36.0,304315.0,10.0832,4639.0,37243.0,520.0,19253.0,164600.0,"https://open.spotify.com/artist/1VFhkeUH4PW48xdovk0TbR, https://open.spotify.com/artist/5EERGIB2h5yOmZK8lzAwk4, https://open.spotify.com/artist/0adJG3bdFTHCkTY28NkY4u","Feb 1, 2016","May 22, 2024"
117371,Selecta,España,Southern Europe,Europe,He/Him,Artistas solistas,"Latin Hip-Hop/Rap, Latin Dance, R&B/Soul, Latin",2976,32729.0,35402.0,25529.0,Mid-Level,Steady,-1.0,-1.0,-1.0,2976.0,11932270.0,155111.0,26648.0,592181.0,0.045,50.0,3566420.0,35002.0,44000.0,14679305.0,13.7343,8.0,2054.0,12.0,9006.0,3052.0,70511.0,17.0,12.0,-1.0,-1.0,96.0,-1.0,14.0,8122.0,38347.0,https://open.spotify.com/artist/1m9WPOccw8sizsVYUhSVjZ,"Oct 31, 2014","May 8, 2024"
1384198,Cupido,España,Southern Europe,Europe,He/Him,Desconocido,"Latin Pop, Latin",3245,30048.0,31288.0,26256.0,Mid-Level,Steady,7820.0,138200.0,48.4205,2318.0,9083820.0,311960.0,100991.0,578323.0,0.174627,46.0,4032778.0,32337.0,107000.0,39390414.0,3.9654,14.0,,5.0,241353.0,,,28.0,5.0,84962.0,7.304099999999999,740.0,8457.0,12.0,34817.0,16420.0,https://open.spotify.com/artist/4cK5uxWRVJ3QOSfaBMX2Ex,"Oct 18, 2018","Sep 28, 2023"
820057,Miranda,España,Southern Europe,Europe,He/Him,Artistas solistas,Hip-Hop/Rap,4290,22737.0,22687.0,23063.0,Mid-Level,Growth,-1.0,-1.0,-1.0,4823.0,10526402.0,219099.0,100847.0,568839.0,0.177286,50.0,2345669.0,31193.0,135000.0,44138409.0,4.9919,,1.0,2.0,3718.0,,,4.0,5.0,81937.0,10.2066,36.0,8948834.0,466.0,,12038.0,https://open.spotify.com/artist/0DjGDEVSQsodFbL1bMVPRs,"Jan 2, 2018","Feb 9, 2024"
4031735,Gloosito,España,Southern Europe,Europe,He/Him,Desconocido,Hip-Hop/Rap,2041,46775.0,41764.0,82429.0,Mid-Level,Growth,420.0,0.0,-1.0,2454.0,13576582.0,111880.0,73882.0,538730.0,0.137141,54.0,1210940.0,24475.0,50000.0,24444840.0,3.3607,,872.0,3.0,26139.0,7050.0,,3.0,2.0,126188.0,14.8122,12.0,-1.0,,15810.0,6060.0,"https://open.spotify.com/artist/7n1l6dOGKjZOi4OJCcahcr, https://open.spotify.com/artist/1MXug5KOetEEQjjvCPWwIm","Oct 12, 2020","Feb 9, 2024"
3448647,Ralphie Choo,España,Southern Europe,Europe,He/Him,Desconocido,"R&B/Soul, Latin Pop, Electronic, Latin",2114,45128.0,44184.0,50482.0,Mid-Level,Steady,3987.0,16800.0,28.5929,757.0,10400412.0,106614.0,49396.0,534880.0,0.09235,50.0,3096711.0,25195.0,11700.0,2895753.0,8.0342,1.0,368.0,6.0,146629.0,906.0,61573.0,10.0,9.0,66248.0,12.2479,1003.0,-1.0,,13991.0,-1.0,https://open.spotify.com/artist/5qjnPRE33rMgYAxIjGUrI7,"Nov 22, 2019","Sep 15, 2023"
718794,Yung Sarria,España,Southern Europe,Europe,He/Him,Artistas solistas,"Latin Hip-Hop/Rap, R&B/Soul, Trap, Latin",3849,25332.0,24916.0,27240.0,Mid-Level,Growth,-1.0,-1.0,-1.0,14125.0,35616679.0,386411.0,122865.0,533220.0,0.230421,53.0,6195889.0,40471.0,505000.0,96786031.0,1.2298,4.0,7111.0,9.0,52376.0,1039.0,,10.0,7.0,177960.0,6.2789,37.0,25626.0,,6004.0,268318.0,"https://open.spotify.com/artist/5wqCITlxyvxrmWOE3LFVGH, https://open.spotify.com/artist/3vxYNXtM9uOMdRAXTXgtmf, https://open.spotify.com/artist/3xGTUhpplJvAYT0w2lsOAC, https://open.spotify.com/artist/5HVEciQuhwBv2IA1tjHWrQ, https://open.spotify.com/artist/2l71pfqKvyK39HZfn0vnSx","Apr 25, 2017","May 24, 2024"
1492888,Juanfran,España,Southern Europe,Europe,He/Him,Artistas solistas,"Latin Pop, Latin Hip-Hop/Rap, Latin",4297,22698.0,44330.0,8230.0,Mainstream,Decline,1600000.0,26800000.0,0.1646,2614866.0,1075463134.0,1806920.0,129203.0,518749.0,0.249067,42.0,7797717.0,50136.0,1730000.0,422743396.0,0.0162,6.0,7306.0,16.0,155153.0,4637.0,5945079.0,39.0,9.0,311235.0,4.5774,2305.0,126987.0,186.0,12220.0,82915.0,https://open.spotify.com/artist/7zY0DMisq1oYXvNNgGwHBY,"Apr 26, 2019","May 16, 2024"
1612901,Ill Pekeño,España,Southern Europe,Europe,He/Him,Desconocido,Hip-Hop/Rap,2084,45789.0,42975.0,61285.0,Mid-Level,Steady,-1.0,-1.0,-1.0,458.0,1055539.0,62418.0,40384.0,500113.0,0.08075,51.0,1459250.0,19436.0,39000.0,18215616.0,8.0,1.0,630.0,2.0,4082.0,507.0,,5.0,13.0,72042.0,11.2339,137.0,-1.0,,3737.0,6231.0,https://open.spotify.com/artist/3T4KspU3H8Ya6sgxexg9F8,"Jun 7, 2019","May 16, 2024"
1099370,Xavibo,España,Southern Europe,Europe,He/Him,Desconocido,"Latin Hip-Hop/Rap, Latin Pop, R&B/Soul, Latin",3748,26020.0,24182.0,35504.0,Mid-Level,Steady,92800.0,4200000.0,12.7058,3135.0,17577951.0,82403.0,74046.0,471889.0,0.156914,49.0,7412568.0,29044.0,71100.0,25874865.0,3.0872,9.0,1516.0,18.0,13609.0,567.0,,14.0,9.0,81143.0,20.4777,818.0,4628.0,,15708.0,30567.0,https://open.spotify.com/artist/3v2sYzsuZVd0gAhMWgl9I7,"Oct 14, 2016","Apr 12, 2024"
5243966,Hoke,España,Southern Europe,Europe,He/Him,Desconocido,Hip-Hop/Rap,4616,21084.0,17538.0,57948.0,Mid-Level,Growth,-1.0,-1.0,-1.0,997.0,4380230.0,74057.0,59442.0,451641.0,0.131613,53.0,1344705.0,21325.0,52800.0,20566984.0,23.9659,2.0,717.0,1.0,3518.0,,,3.0,9.0,77965.0,43.1512,104.0,-1.0,,11474.0,34815.0,"https://open.spotify.com/artist/2x6kZekpNZMll7Uq3M6ar5, https://open.spotify.com/artist/3IXMIauqHuWn8uwVC0bI2z","Apr 18, 2018","May 14, 2024"
612084,Arce,España,Southern Europe,Europe,He/Him,Desconocido,"Latin Hip-Hop/Rap, Latin",3046,32000.0,37929.0,20726.0,Mid-Level,Growth,-1.0,-1.0,-1.0,10414.0,24305958.0,392246.0,339728.0,446477.0,0.760908,51.0,2172389.0,30448.0,948000.0,186053911.0,0.3821,2.0,13394.0,3.0,3718.0,44.0,,5.0,4.0,260702.0,6.932,15.0,22148.0,6.0,21487.0,69741.0,https://open.spotify.com/artist/7eH1UUCyxL8Wf9PztvvPJ6,"Nov 28, 2013","Jun 23, 2023"
3483841,Baby Pantera,España,Southern Europe,Europe,He/Him,Desconocido,Hip-Hop/Rap,1778,53111.0,48026.0,84336.0,Mid-Level,Steady,-1.0,-1.0,-1.0,1986.0,10876797.0,81360.0,13303.0,442602.0,0.030056,51.0,892765.0,24215.0,,,-1.0,,151.0,6.0,26983.0,2185.0,11803.0,3.0,4.0,19747.0,6.2294,29.0,-1.0,,4727.0,-1.0,https://open.spotify.com/artist/2BvDJauylrTkLmxrT6S1Eg,"Oct 30, 2019","Mar 28, 2024"
214707,Juancho Marqués,España,Southern Europe,Europe,He/Him,Artistas solistas,Hip-Hop/Rap,3799,25652.0,25818.0,25326.0,Mid-Level,Steady,14500.0,372900.0,11.068,2680.0,3946573.0,201972.0,151568.0,440847.0,0.343811,47.0,3466471.0,36824.0,62000.0,32968769.0,16.8714,10.0,3330.0,21.0,33312.0,489.0,7434.0,16.0,27.0,127227.0,3.9592,337.0,23371.0,,22529.0,89030.0,https://open.spotify.com/artist/5JcO3FHEBbWTQMUHmWtU2g,"Jan 9, 2015","May 10, 2024"
821591,Albany,España,Southern Europe,Europe,She/Her,Artistas solistas,"Latin Hip-Hop/Rap, Latin Pop, Electronic, Latin",3691,26402.0,23513.0,45702.0,Mid-Level,Growth,-1.0,-1.0,-1.0,4890.0,18300273.0,543035.0,97984.0,433721.0,0.225915,45.0,2655852.0,30996.0,46200.0,12966818.0,-1.0,4.0,1687.0,7.0,1984.0,,,17.0,1.0,140322.0,12.2449,119.0,-1.0,1612.0,,31357.0,https://open.spotify.com/artist/0W7oBn4W3biry1eehAk8wu,"Nov 2, 2017","Mar 22, 2024"
1343175,Abhir Hathi,España,Southern Europe,Europe,He/Him,Artistas solistas,"Hip-Hop/Rap, R&B/Soul",3389,28784.0,31931.0,21386.0,Mid-Level,Steady,15000.0,414700.0,122.4899,148662.0,907754702.0,742145.0,40633.0,431334.0,0.094203,53.0,10071597.0,78644.0,23800.0,7517279.0,12.9958,24.0,595.0,9.0,12742.0,295.0,,16.0,27.0,58211.0,17.8123,4104.0,1171.0,,9949.0,14755.0,https://open.spotify.com/artist/2D8UzkIVdg1bj0Iqz6gjk0,"Jan 10, 2018","Oct 26, 2023"
4483446,Parkineos,España,Southern Europe,Europe,He/Him,Desconocido,"Electronic, Dance, Pop",2183,43764.0,38649.0,83437.0,Mid-Level,Steady,-1.0,-1.0,-1.0,23956.0,113578750.0,129177.0,62822.0,429521.0,0.146261,47.0,1466386.0,22893.0,37000.0,10480584.0,10.2168,,570.0,1.0,465.0,6598.0,326203.0,1.0,1.0,74936.0,12.1694,20.0,-1.0,,13200.0,-1.0,https://open.spotify.com/artist/1cMiNxpdh0mP5WFnPvr4xf,"Apr 11, 2021","May 23, 2024"
424807,Sticky M.A.,España,Southern Europe,Europe,He/Him,Desconocido,Hip-Hop/Rap,5523,17492.0,15464.0,29257.0,Mid-Level,Growth,3615.0,4230.0,21.8473,5073.0,15440660.0,164059.0,147645.0,398883.0,0.370146,52.0,3933355.0,36173.0,67500.0,49767420.0,-1.0,1.0,3640.0,3.0,5775.0,5062.0,55231.0,15.0,18.0,140152.0,19.7741,64.0,4318.0,371.0,19807.0,117340.0,"https://open.spotify.com/artist/5o7fmoqHl79fzoCzeApdxm, https://open.spotify.com/artist/6styElB0EK0NXH3mqWwrgs","Nov 4, 2014","May 23, 2024"
1121719,Ergo Pro,España,Southern Europe,Europe,He/Him,Desconocido,Hip-Hop/Rap,1873,50600.0,49932.0,52631.0,Mid-Level,Growth,-1.0,-1.0,-1.0,490.0,815321.0,54509.0,39260.0,398277.0,0.098575,49.0,1475060.0,20444.0,,,-1.0,1.0,891.0,3.0,4766.0,554.0,,7.0,16.0,71670.0,10.0138,173.0,-1.0,,3054.0,-1.0,"https://open.spotify.com/artist/3K83BHS2TkIb1m6akQS29p, https://open.spotify.com/artist/6RGXMZ5gUtYKHpG3RQ9fM4, https://open.spotify.com/artist/50LCxUDqhPAJgqiD1D3tlr","Mar 5, 2018","May 16, 2024"
269841,Elio Toffana,España,Southern Europe,Europe,He/Him,Grupo,Hip-Hop/Rap,4411,22077.0,19832.0,34740.0,Developing,Growth,-1.0,-1.0,-1.0,284.0,715128.0,54107.0,37237.0,362902.0,0.102609,45.0,1589560.0,19003.0,33700.0,9713697.0,-1.0,,1051.0,4.0,4784.0,,,4.0,20.0,74830.0,4.7824,74.0,-1.0,,2844.0,-1.0,https://open.spotify.com/artist/3iaWOU36p7W4oqHLDoBQmr,"Nov 15, 2006","May 9, 2024"
1114834,Nadal015,España,Southern Europe,Europe,He/Him,Grupo,"Latin Hip-Hop/Rap, Latin",1924,49326.0,44083.0,87548.0,Developing,Growth,-1.0,-1.0,-1.0,1100.0,2345419.0,72228.0,76006.0,358143.0,0.212222,46.0,1533574.0,18289.0,,,-1.0,,4347.0,1.0,3518.0,719.0,,2.0,1.0,116600.0,6.275799999999999,23.0,917.0,,6262.0,14536.0,https://open.spotify.com/artist/4XV4e5IqR6DKCJMJWuG7Vi,"Jun 8, 2018","May 23, 2024"
1092573,Love Yi,España,Southern Europe,Europe,He/Him,Artistas solistas,"Latin Hip-Hop/Rap, Latin",3345,29151.0,25463.0,56756.0,Developing,Steady,-1.0,-1.0,-1.0,2805.0,4998615.0,141244.0,25202.0,354889.0,0.071014,41.0,2463829.0,29391.0,46800.0,22237374.0,1.8226,,703.0,8.0,8175.0,318.0,53276.0,6.0,1.0,34721.0,4.9359,75.0,-1.0,,4128.0,-1.0,https://open.spotify.com/artist/6qyklgt2wzPT7KRdu15ZFL,"Jun 1, 2018","Dec 29, 2023"
429392,Costa,España,Southern Europe,Europe,He/Him,Desconocido,"Hip-Hop/Rap, Electronic, Trance",8480,10867.0,11101.0,10480.0,Mainstream,Explosive Growth,-1.0,-1.0,-1.0,3708.0,4611988.0,346920.0,131917.0,353478.0,0.373197,46.0,1872414.0,25858.0,2760000.0,207615308.0,2.8792,13.0,4973.0,1.0,2.0,,,6.0,2.0,160930.0,2.842,38.0,2706329.0,3269.0,,174909.0,"https://open.spotify.com/artist/7rAjVJgwZhvmMIt5vfyNGn, https://open.spotify.com/artist/58MjFCGzcD4G0094MeR4Hv","Jan 1, 2004","May 9, 2024"
1339125,KvndySwing,España,Southern Europe,Europe,He/Him,Grupo,"Latin Hip-Hop/Rap, Latin",1571,58977.0,55150.0,73050.0,Developing,Growth,-1.0,-1.0,-1.0,3492.0,10541656.0,79178.0,10908.0,346581.0,0.031473,39.0,633444.0,16456.0,38000.0,16265510.0,6.9156,,150.0,,,42.0,,2.0,4.0,11721.0,1.1846,2.0,-1.0,,,-1.0,https://open.spotify.com/artist/3mvje4iLJHQX3Wr757PSmf,"Sep 3, 2018","Apr 4, 2024"
1625514,LEÏTI,España,Southern Europe,Europe,He/Him,Artistas solistas,Hip-Hop/Rap,1507,61033.0,58743.0,65923.0,Developing,Growth,4989.0,19200.0,-1.0,3226.0,33463620.0,95232.0,51801.0,339200.0,0.152715,47.0,1628131.0,27038.0,58500.0,20890456.0,2.1795,3.0,1203.0,6.0,48538.0,7046.0,,6.0,4.0,139305.0,9.029,76.0,-1.0,29.0,3219.0,12770.0,https://open.spotify.com/artist/5FQJWdcKPAijmEi4uroZ4h,"Jun 1, 2017","Sep 6, 2023"
4252397,Samuel SLZR,España,Southern Europe,Europe,He/Him,Grupo,"Latin Hip-Hop/Rap, Latin",1721,54696.0,47597.0,113548.0,Developing,Growth,42600.0,760800.0,9.0374,26174.0,57455253.0,212557.0,56900.0,302254.0,0.188252,48.0,626678.0,14347.0,65800.0,32331806.0,-1.0,2.0,479.0,1.0,50.0,642.0,,2.0,,71335.0,7.912,2.0,-1.0,,8245.0,-1.0,https://open.spotify.com/artist/5jxnZJCpTkZJSxyRzbVhGx,"Dec 20, 2020","May 1, 2024"
4143292,BOUZA,España,Southern Europe,Europe,He/Him,Desconocido,"Latin Hip-Hop/Rap, Latin",1853,51111.0,44458.0,109618.0,Developing,Growth,-1.0,-1.0,-1.0,35524.0,28465237.0,90309.0,35262.0,297357.0,0.118585,44.0,414707.0,13239.0,64500.0,29770081.0,8.6935,1.0,705.0,2.0,426.0,,,,5.0,32613.0,6.9535,10.0,-1.0,6.0,,-1.0,"https://open.spotify.com/artist/1qa4YW9XV999Iin30Vm9aU, https://open.spotify.com/artist/1uJV4ID7H69dy1ZslwIQTF","Dec 13, 2020","Mar 15, 2024"
847073,Lionware,España,Southern Europe,Europe,He/Him,Artistas solistas,"Latin Hip-Hop/Rap, Latin Pop, R&B/Soul, Latin",1466,62418.0,61073.0,62618.0,Developing,Steady,5691.0,40000.0,5.8483,8627.0,20798962.0,77253.0,49238.0,291952.0,0.168651,41.0,2178350.0,20952.0,,,-1.0,4.0,1059.0,10.0,4935.0,349.0,,11.0,,23744.0,14.4252,7.0,53.0,,6351.0,-1.0,https://open.spotify.com/artist/67TDVqPf5B8RQzCg2yZpBk,"Feb 19, 2016","Jan 17, 2024"
648598,Pimp Flaco,España,Southern Europe,Europe,He/Him,Desconocido,"Latin Pop, Latin Hip-Hop/Rap, Latin",1898,49997.0,57056.0,33087.0,Mid-Level,Steady,-1.0,-1.0,-1.0,62761.0,84588184.0,153950.0,340809.0,290408.0,1.173552,45.0,1699850.0,26212.0,,,-1.0,1.0,7201.0,7.0,10866.0,,,18.0,2.0,241644.0,13.7567,589.0,84910.0,,,349603.0,https://open.spotify.com/artist/3UZFWMkyLElpRsLPdButSC,"Jan 18, 2015","May 12, 2024"
79826,Kinder Malo,España,Southern Europe,Europe,He/Him,Desconocido,"Latin Hip-Hop/Rap, Latin Pop, Latin",1596,58222.0,72017.0,31867.0,Mid-Level,Steady,-1.0,-1.0,-1.0,61317.0,83216680.0,309900.0,355798.0,284044.0,1.252616,44.0,2193097.0,27854.0,58600.0,313825.0,-1.0,2.0,11912.0,6.0,33122.0,2272.0,,11.0,12.0,235279.0,3.0482,566.0,51743.0,,,530560.0,"https://open.spotify.com/artist/1Aoj8qX6kPfLTagb7qbKg0, https://open.spotify.com/artist/6XSUAP0OVAZEEUCLBeAEq7","Sep 5, 2014","May 12, 2024"
1035934,Jarfaiter,España,Southern Europe,Europe,He/Him,Artistas solistas,Hip-Hop/Rap,2815,34426.0,30340.0,63764.0,Developing,Growth,-1.0,-1.0,-1.0,7055.0,27445010.0,77195.0,107885.0,280632.0,0.384436,50.0,739611.0,18739.0,154000.0,89955782.0,0.7416,1.0,1283.0,2.0,3718.0,,,3.0,2.0,203349.0,6.4565,17.0,9318.0,61.0,10425.0,66154.0,"https://open.spotify.com/artist/7EJTQqtoWZNVX3HlvAztsn, https://open.spotify.com/artist/7hqwOMu222wUGHIzm49sJk","Sep 12, 2011","May 10, 2024"
1136302,Juicy BAE,España,Southern Europe,Europe,She/Her,Desconocido,"Hip-Hop/Rap, Pop, R&B/Soul",2036,46904.0,43536.0,65410.0,Developing,Steady,-1.0,-1.0,-1.0,1753.0,6509454.0,55941.0,52997.0,275749.0,0.192193,46.0,1291134.0,19441.0,67500.0,23581604.0,12.0846,2.0,623.0,4.0,32915.0,,,7.0,4.0,113727.0,14.7736,161.0,-1.0,,6976.0,5506.0,https://open.spotify.com/artist/46K14JAfAHpxTSkb6KkFfN,"Sep 8, 2017","Apr 22, 2024"
847038,Lopes,España,Southern Europe,Europe,She/Her,Grupo,Hip-Hop/Rap,1699,55309.0,50752.0,78175.0,Developing,Growth,-1.0,-1.0,-1.0,2615.0,2400571.0,70116.0,69822.0,272326.0,0.256391,44.0,1574460.0,17919.0,146000.0,65098763.0,-1.0,1.0,2310.0,5.0,9758.0,326.0,,2.0,1.0,85498.0,3.0518,24.0,-1.0,20.0,,35704.0,https://open.spotify.com/artist/2C1KWrmE57M3riWQArK4kz,"Dec 13, 2015","May 16, 2024"
3836919,John Pollõn,España,Southern Europe,Europe,He/Him,Desconocido,"Latin Hip-Hop/Rap, Latin Pop, Latin Dance, Latin",1445,63164.0,54897.0,123557.0,Developing,Steady,-1.0,-1.0,-1.0,961.0,1848593.0,42780.0,24892.0,267355.0,0.093105,47.0,753612.0,18619.0,,,-1.0,1.0,120.0,1.0,24.0,,,1.0,,22821.0,8.5523,1.0,-1.0,,,-1.0,"https://open.spotify.com/artist/4tPyn1bQTAqAb7Ek5OorKH, https://open.spotify.com/artist/4fJie9zmEW6VmFoQKrx4Lh","Sep 23, 2019","May 17, 2024"
311656,La Mafia del Amor x El Combo Perfecto,España,Southern Europe,Europe,He/Him,Desconocido,Others,1889,50241.0,44131.0,100074.0,Desconocido,Desconocido,-1.0,-1.0,-1.0,62752.070967741936,100797657.43225808,476830.0512820513,94092.0,257899.0,0.36484,37.0,-1.0,-1.0,,,-1.0,,,,,,,,,-1.0,-1.0,-1.0,1643.0,,,-1.0,https://open.spotify.com/artist/4Ejyn899EXnQc0PhfKC7wY,"Apr 6, 2015","Apr 6, 2015"
1532416,Mayo 214,España,Southern Europe,Europe,He/Him,Artistas solistas,Hip-Hop/Rap,1500,61287.0,60763.0,58502.0,Developing,Growth,-1.0,-1.0,-1.0,2862.0,6388376.0,130849.0,92029.0,248330.0,0.370592,45.0,1041166.0,22625.0,,,-1.0,,5162.0,1.0,3518.0,,,,,59243.0,8.9768,3.0,-1.0,14.0,12171.0,10109.0,https://open.spotify.com/artist/7uXKIO6VDeOCo6ImWZpZJn,"Jan 1, 2017","Jan 27, 2023"
1549291,Bores D,España,Southern Europe,Europe,He/Him,Desconocido,"Latin Hip-Hop/Rap, Latin",940,87617.0,74892.0,189185.0,Developing,Growth,-1.0,-1.0,-1.0,733.0,2064334.0,36958.0,20415.0,244907.0,0.083358,40.0,386242.0,10703.0,,,-1.0,,471.0,2.0,954.0,35.0,,1.0,,10866.0,43.6556,15.0,-1.0,,,-1.0,https://open.spotify.com/artist/4W8h2ExvQpRm0A7fPst5Kw,"Nov 30, 2018","Mar 7, 2024"
558941,Cecilio G.,España,Southern Europe,Europe,He/Him,Desconocido,"Latin Hip-Hop/Rap, Latin",1372,65742.0,69307.0,51504.0,Developing,Growth,-1.0,-1.0,-1.0,9677.0,36406101.0,252977.0,133835.0,244711.0,0.54691,42.0,1807162.0,32660.0,62700.0,51192.0,0.6332,1.0,1779.0,1.0,3518.0,5579.0,,4.0,,-1.0,-1.0,39.0,12320.0,25.0,13797.0,11092.0,https://open.spotify.com/artist/2Q2fYVYxFSmodq53BFyD6p,"Jul 19, 2014","May 24, 2024"
48195,Ocer y Rade,España,Southern Europe,Europe,He/Him,Grupo,"Latin Hip-Hop/Rap, Latin Pop, Latin",1741,54153.0,65066.0,31314.0,Mid-Level,Growth,-1.0,-1.0,-1.0,15354.0,38859025.0,187826.0,246842.0,232457.0,1.061882,43.0,1047925.0,14326.0,379000.0,141656478.0,1.2274,1.0,5188.0,1.0,3518.0,3381.0,,2.0,1.0,131595.0,2.7815,5.0,9896.0,,20325.0,47056.0,https://open.spotify.com/artist/0fgRCULXpG4okFdlpat4e3,"Nov 21, 2013","May 24, 2024"
1035487,Dirty Porko,España,Southern Europe,Europe,He/Him,Artistas solistas,"Latin Hip-Hop/Rap, Latin",1899,49979.0,47055.0,64867.0,Developing,Growth,-1.0,-1.0,-1.0,691.0,781714.0,78139.0,62185.0,223058.0,0.278784,43.0,1482124.0,19826.0,120000.0,65289878.0,-1.0,,2437.0,3.0,491.0,,,3.0,,57255.0,3.2732,96.0,-1.0,100.0,3458.0,5684.0,"https://open.spotify.com/artist/4JjXXU4m428s8xODTaVuNV, https://open.spotify.com/artist/2epUWct58aOUbokYM3fEiq","Nov 15, 2015","May 17, 2024"
1568606,Cocco Lexa,España,Southern Europe,Europe,He/Him,Artistas solistas,"Latin Hip-Hop/Rap, Electronic, Latin",2394,40179.0,36489.0,60786.0,Developing,Steady,-1.0,-1.0,-1.0,1579.0,5463211.0,131729.0,26871.0,220838.0,0.121677,40.0,1961005.0,27877.0,44700.0,30327328.0,0.373,3.0,428.0,4.0,9543.0,942.0,522110.0,4.0,1.0,-1.0,5.615,117.0,413.0,,5026.0,-1.0,"https://open.spotify.com/artist/7mleLQYvUCCOf8MQxnogpt, https://open.spotify.com/artist/5WMoWNq8DuL9pob4qu7mau","Apr 5, 2017","May 23, 2024"
1377579,Shoda Monkas,España,Southern Europe,Europe,He/Him,Artistas solistas,Hip-Hop/Rap,1143,75686.0,70958.0,91672.0,Developing,Steady,-1.0,-1.0,-1.0,696.0,7601122.0,48429.0,31002.0,204109.0,0.151889,42.0,1052647.0,19092.0,33500.0,13462612.0,4.5672,3.0,611.0,7.0,6898.0,77.0,,3.0,3.0,32487.0,10.1601,56.0,537.0,,4028.0,5775.0,https://open.spotify.com/artist/3K3u27hhXRoHojEeDHXLAe,"Jan 1, 2018","Feb 1, 2024"
773897,Matasvandals,España,Southern Europe,Europe,He/Him,Grupo,Hip-Hop/Rap,1313,68023.0,63994.0,81492.0,Developing,Growth,-1.0,-1.0,-1.0,4145.0,6253334.0,112504.0,75701.0,203288.0,0.372383,43.0,704117.0,19706.0,73300.0,28551046.0,-1.0,,2840.0,1.0,3140.0,820.0,,4.0,1.0,11638.0,0.0,3.0,555.0,,9051.0,-1.0,https://open.spotify.com/artist/77WwIwmDkRo6Frks1A89KM,"Jan 1, 2017","May 10, 2024"
1541727,L'haine,España,Southern Europe,Europe,He/Him,Artistas solistas,"Latin Hip-Hop/Rap, Latin",1509,60941.0,55019.0,91424.0,Developing,Growth,-1.0,-1.0,-1.0,477.0,726265.0,112005.0,30582.0,201630.0,0.151674,46.0,873532.0,16697.0,,,-1.0,,203.0,2.0,2407.0,130.0,,3.0,2.0,33011.0,21.9546,28.0,1390729.0,739.0,3804.0,-1.0,"https://open.spotify.com/artist/7tXH4uI7BOE7hFBazlah0q, https://open.spotify.com/artist/5U1ztR8jD29AQ4itLAAcMd","May 2, 2019","Mar 25, 2024"
17204,DICC,España,Southern Europe,Europe,He/Him,Artistas solistas,"Latin Hip-Hop/Rap, Latin",2379,40413.0,77221.0,14166.0,Mid-Level,Growth,-1.0,-1.0,-1.0,484.0,2691287.0,36802.0,23893.0,197179.0,0.121174,37.0,1331284.0,12203.0,77900.0,30410733.0,0.1232,14.0,377.0,1.0,25.0,22.0,,2.0,,24508.0,1.1318,6.0,516.0,,1925.0,132943.0,https://open.spotify.com/artist/0B9wPB6XyIwCXZ3OUkJfCE,"Jul 1, 2013","Feb 16, 2024"
722705,ODDLIQUOR,España,Southern Europe,Europe,He/Him,Artistas solistas,"R&B/Soul, Hip-Hop/Rap, Pop",750,103718.0,102679.0,100764.0,Developing,Steady,3704.0,39300.0,56.591,122.0,394833.0,16898.0,30590.0,197055.0,0.155236,39.0,798212.0,9647.0,14600.0,1237358.0,-1.0,5.0,160.0,8.0,1544.0,1007.0,,9.0,5.0,28029.0,6.6078,122.0,-1.0,,4389.0,-1.0,https://open.spotify.com/artist/1rmlkMXVf5f6ilIVhjow34,"Dec 15, 2015","Jul 7, 2023"
1701509,Blackthoven,España,Southern Europe,Europe,He/Him,Artistas solistas,"Hip-Hop/Rap, Dirty South, Alternative Rap",898,90637.0,86482.0,102043.0,Developing,Steady,-1.0,-1.0,-1.0,15189.0,15378114.0,30406.0,12816.0,195476.0,0.065563,39.0,878419.0,18502.0,19400.0,4280534.0,-1.0,,2355.0,4.0,3488.0,609.0,1249.0,4.0,,31560.0,4.7972,19.0,-1.0,,,-1.0,https://open.spotify.com/artist/6KhtkRzbD5IKjYOlHanIjS,"Sep 24, 2018","Mar 15, 2024"
493003,Indigo Jams,España,Southern Europe,Europe,He/Him,Artistas solistas,"Latin Hip-Hop/Rap, Latin",686,110594.0,106034.0,119053.0,Developing,Steady,281.0,1013.0,70.9677,278.0,988704.0,90023.0,37520.0,190910.0,0.196532,38.0,1554829.0,11095.0,,,1.263,1.0,815.0,2.0,24964.0,2063.0,,12.0,,21617.0,1.956,1.0,800.0,,,50019.0,https://open.spotify.com/artist/71IY7h7bhtZ1kkPJl8IFpU,"Apr 6, 2017","Apr 19, 2024"
558942,Enry-K,España,Southern Europe,Europe,He/Him,Artistas solistas,"Hip-Hop/Rap, Alternative, Alternative Rap",1340,67002.0,65779.0,66779.0,Developing,Steady,-1.0,-1.0,-1.0,584.0,1520386.0,58241.0,16529.0,190812.0,0.086625,44.0,2203174.0,26329.0,,,-1.0,3.0,258.0,6.0,13471.0,2257.0,,9.0,7.0,38238.0,4.1622,52.0,-1.0,,5696.0,34039.0,"https://open.spotify.com/artist/05trgdoIUvlwqNLEPHTdoI, https://open.spotify.com/artist/21sD41Xuam5EiBrtCjN97X","Feb 14, 2018","May 3, 2024"
718751,Liz Forte,España,Southern Europe,Europe,He/Him,Artistas solistas,"Latin Hip-Hop/Rap, Latin Pop, Alternative Rap, Latin",730,105721.0,99628.0,122441.0,Developing,Decline,68100.0,2300000.0,0.195,1052.0,3930427.0,29128.0,33775.0,181730.0,0.185853,37.0,318495.0,7556.0,27700.0,4558993.0,0.426,,265.0,1.0,855.0,,,2.0,,50713.0,1.6117,17.0,1242.0,,3588.0,-1.0,https://open.spotify.com/artist/7GArathIWiQj50qNsBBLN1,"Jun 12, 2017","Feb 15, 2024"
1411263,LUNA KI,España,Southern Europe,Europe,She/Her,Artistas solistas,"Latin Hip-Hop/Rap, Latin Pop, Alternative Rap, Latin",1572,58962.0,59912.0,51692.0,Developing,Steady,51300.0,930900.0,2.7129,20969.0,114792784.0,136725.0,55888.0,175819.0,0.317872,40.0,1331716.0,15347.0,71400.0,20113110.0,-1.0,3.0,945.0,1.0,706.0,1386.0,20708.0,7.0,16.0,100425.0,3.2284,121.0,880.0,,10207.0,27559.0,https://open.spotify.com/artist/5yD3wtXDmbOloiFzO3km1M,"Feb 9, 2019","Apr 5, 2024"
723180,Ébano,España,Southern Europe,Europe,He/Him,Desconocido,"Latin Hip-Hop/Rap, Latin",1535,60143.0,55540.0,79319.0,Developing,Growth,-1.0,-1.0,-1.0,321.0,2771442.0,26788.0,18690.0,175435.0,0.106535,43.0,531891.0,12851.0,,,-1.0,,179.0,,,,,,4.0,-1.0,-1.0,59.0,-1.0,,,-1.0,https://open.spotify.com/artist/7q0HsrVsikGwRXqJsMsOZ5,"Dec 22, 2007","Jan 15, 2024"
1028854,MC Buzzz,España,Southern Europe,Europe,He/Him,Artistas solistas,"Latin Hip-Hop/Rap, Latin",1320,67751.0,74192.0,47813.0,Developing,Growth,-1.0,-1.0,-1.0,2493.0,79196954.0,97904.0,24028.0,168938.0,0.14223,40.0,2408952.0,22402.0,92300.0,27505399.0,-1.0,2.0,891.0,12.0,2264811.0,741.0,,13.0,5.0,85609.0,15.5135,277.0,-1.0,,,16720.0,"https://open.spotify.com/artist/4yMxyoDCvaImt6XrsKTnlc, https://open.spotify.com/artist/2z8dSH4TMRViQh4QjqrDYv","May 18, 2018","May 17, 2024"
658807,Zetazen,España,Southern Europe,Europe,He/Him,Artistas solistas,"Latin Hip-Hop/Rap, Latin",1156,75037.0,85493.0,48906.0,Developing,Steady,19100.0,239500.0,10.6073,801.0,2098848.0,45158.0,121559.0,164440.0,0.73923,40.0,1517372.0,18210.0,144000.0,46530789.0,1.0319,7.0,2052.0,2.0,3151.0,,,8.0,2.0,100607.0,4.6523,12.0,6373.0,,11353.0,104781.0,"https://open.spotify.com/artist/0CDPhGgm9UWV5Cm9pR4D84, https://open.spotify.com/artist/66BpLv7bc0OLbr50D1cnGS, https://open.spotify.com/artist/0frCDKYWOsp3KpnEmi8PXc","May 5, 2015","May 17, 2024"
1035489,Robledo,España,Southern Europe,Europe,He/Him,Artistas solistas,"Latin Hip-Hop/Rap, Latin Pop, Latin",1471,62257.0,71939.0,38669.0,Developing,Steady,74700.0,986200.0,11.1526,32325.0,24953839.0,193673.0,33206.0,161503.0,0.205606,35.0,3482650.0,25828.0,110000.0,38253016.0,2.54,6.0,1616.0,7.0,33117.0,,,9.0,9.0,146310.0,0.0,864.0,-1.0,3.0,2800.0,-1.0,https://open.spotify.com/artist/5VyXOfvTQljStUXx1coETY,"Apr 16, 2018","May 24, 2024"
1122007,El Virtual,España,Southern Europe,Europe,He/Him,Artistas solistas,"Hip-Hop/Rap, Alternative, Alternative Rap",788,100018.0,89151.0,154722.0,Developing,Growth,1266.0,2380.0,-1.0,716.0,1104653.0,16123.0,32867.0,159792.0,0.205686,42.0,483354.0,14600.0,22600.0,5086447.0,-1.0,,387.0,,,480.0,,,,32120.0,6.4386,4.0,-1.0,,,10170.0,"https://open.spotify.com/artist/1u7smgIQECEgLBjShmqEVW, https://open.spotify.com/artist/1M6Haz9vxliXQXeVO49CSY","Jun 22, 2018","Apr 19, 2024"
882399,Nico Miseria,España,Southern Europe,Europe,He/Him,Artistas solistas,"Latin Hip-Hop/Rap, Latin Dance, Electronic, Latin",1023,82270.0,75008.0,113424.0,Developing,Steady,-1.0,-1.0,-1.0,461.0,592436.0,75119.0,25272.0,153033.0,0.165141,45.0,634826.0,13900.0,25100.0,7013691.0,1.3815,,340.0,,,2697.0,,2.0,3.0,32086.0,7.766900000000001,94.0,-1.0,,4028.0,-1.0,https://open.spotify.com/artist/79ff28apoBUFLfPJQoTfro,"Dec 6, 2016","May 17, 2024"
3617362,Mda,España,Southern Europe,Europe,He/Him,Artistas solistas,"Hip-Hop/Rap, New Age, Alternative",928,88429.0,81766.0,113679.0,Developing,Steady,-1.0,-1.0,-1.0,2254.0,7788323.0,22052.0,29958.0,135393.0,0.221267,46.0,736172.0,12985.0,17000.0,6711053.0,7.2059,1.0,470.0,1.0,7080.0,,,,1.0,37050.0,14.7024,33.0,-1.0,,5560.0,6553.0,https://open.spotify.com/artist/6goQbtqjPhPns8RVRXTyp7,"Dec 11, 2015","May 16, 2024"
1366604,Clutchill,España,Southern Europe,Europe,He/Him,Desconocido,"Hip-Hop/Rap, Rock, Pop",715,107356.0,99225.0,135095.0,Developing,Growth,-1.0,-1.0,-1.0,494.0,4939536.0,30510.0,14286.0,127942.0,0.11166,39.0,697942.0,18035.0,,,-1.0,1.0,782.0,,,2504.0,,,1.0,21657.0,14.8398,14.0,-1.0,,3201.0,7880.0,https://open.spotify.com/artist/0ONc371uQqOdKkCwsrcp9Z,"Dec 1, 2018","Oct 17, 2023"
5220586,Ben Yart,España,Southern Europe,Europe,He/Him,Desconocido,"Hip-Hop/Rap, Reggae, R&B/Soul",847,94682.0,84611.0,145379.0,Developing,Steady,9503.0,91000.0,-1.0,404.0,1802798.0,30167.0,23585.0,126826.0,0.185963,38.0,456348.0,11384.0,17400.0,3672830.0,6.549099999999999,,99.0,1.0,11.0,,,1.0,,66116.0,7.3822,49.0,-1.0,,6064.0,-1.0,"https://open.spotify.com/artist/1Emea6iLt1X27HTatnL7oV, https://open.spotify.com/artist/448BErwoTZaaXMzvHjZPTR","Feb 20, 2018","Feb 8, 2024"
1092907,Bon Calso,España,Southern Europe,Europe,He/Him,Desconocido,"Latin Hip-Hop/Rap, Latin Pop, R&B/Soul, Latin",667,112841.0,101067.0,164036.0,Developing,Steady,17300.0,59900.0,-1.0,502.0,2181716.0,16429.0,24435.0,125121.0,0.195291,42.0,613028.0,12861.0,2890.0,757381.0,18.125,,165.0,,,242.0,,1.0,1.0,28229.0,14.8545,24.0,-1.0,,5202.0,-1.0,https://open.spotify.com/artist/7ayZ0ZHp9SC1Bp6rzDd6gu,"May 23, 2018","May 16, 2024"
734721,Mdmoney,España,Southern Europe,Europe,He/Him,Artistas solistas,"Latin Hip-Hop/Rap, Latin",787,100088.0,99057.0,97351.0,Developing,Growth,-1.0,-1.0,-1.0,901.0,10933079.0,90013.0,53200.0,123655.0,0.430229,36.0,767836.0,13447.0,114000.0,17029490.0,-1.0,4.0,462.0,,,488.0,,3.0,,157368.0,1.3387,-1.0,-1.0,,4391.0,-1.0,https://open.spotify.com/artist/3EK6hN4ikgqWPAgNmIV6mL,"Aug 4, 2017","Apr 19, 2024"
1465087,mori,España,Southern Europe,Europe,He/Him,Desconocido,"Pop, R&B/Soul, Alternative",683,110985.0,119702.0,86190.0,Developing,Steady,-1.0,-1.0,-1.0,93.0,61840.0,14100.0,26864.0,111656.0,0.240596,36.0,661135.0,12767.0,1420.0,56446.0,25.9155,,,1.0,205.0,5984.0,1773.0,3.0,5.0,17656.0,4.1943,47.0,-1.0,,7266.0,6325.0,https://open.spotify.com/artist/473Xxv1N3YJJdKxYH0XaiX,"Feb 15, 2019","Aug 15, 2023"
727137,Locoplaya,España,Southern Europe,Europe,He/Him,Grupo,"Latin Hip-Hop/Rap, Latin",2192,43600.0,39239.0,73051.0,Mid-Level,Explosive Growth,-1.0,-1.0,-1.0,631.0,723334.0,116609.0,145584.0,109940.0,1.324213,34.0,689356.0,15745.0,163000.0,58931151.0,15.6411,2.0,,1.0,99.0,309.0,,3.0,,3059.0,0.0,48.0,18635.0,,9399.0,90269.0,https://open.spotify.com/artist/7Jgen4mkCFqCo4xzlDrMJO,"Jan 9, 2017","Jan 28, 2022"
3311891,Diego 900,España,Southern Europe,Europe,He/Him,Desconocido,"Latin Hip-Hop/Rap, R&B/Soul, Latin Pop, Latin",905,90099.0,77888.0,175198.0,Developing,Growth,-1.0,-1.0,-1.0,33.0,27089.0,4422.0,18906.0,108514.0,0.174226,46.0,229794.0,5639.0,4030.0,941922.0,7.166,,50.0,,,,,,2.0,23864.0,28.5772,20.0,-1.0,,924.0,-1.0,https://open.spotify.com/artist/6PMkeaQ3DLnaBuhjfmSefK,"Mar 8, 2019","May 24, 2024"
4126763,C Marí,España,Southern Europe,Europe,He/Him,Desconocido,"Latin Hip-Hop/Rap, Latin Pop, Reggae, Latin",767,101924.0,99099.0,105486.0,Developing,Steady,-1.0,-1.0,-1.0,90.0,207594.0,7554.0,14154.0,107709.0,0.13141,41.0,209878.0,7041.0,7510.0,710639.0,-1.0,2.0,16.0,,,,,,6.0,-1.0,-1.0,-1.0,-1.0,,,-1.0,"https://open.spotify.com/artist/7uthE7Fmy5aYOwlu1Yt4Ps, https://open.spotify.com/artist/1FTpdMnOHYIZLvt8Wzo2KV","Nov 29, 2020","Feb 9, 2024"
879468,Charlie Hijos Bastardos,España,Southern Europe,Europe,He/Him,Desconocido,Hip-Hop/Rap,727,106132.0,98118.0,133744.0,Developing,Growth,-1.0,-1.0,-1.0,143.0,273745.0,14398.0,41525.0,106599.0,0.389544,39.0,397343.0,9032.0,,,-1.0,,208.0,,,,,,1.0,-1.0,-1.0,8.0,-1.0,,,-1.0,https://open.spotify.com/artist/73nFLjE3BcdgywGYVtvXdL,"Jul 31, 2005","May 7, 2024"
1013739,BEA PELEA,España,Southern Europe,Europe,She/Her,Artistas solistas,"Latin Hip-Hop/Rap, Latin",675,111892.0,115431.0,97000.0,Developing,Steady,6490.0,40900.0,9.6545,1162.0,1970216.0,101217.0,50469.0,105775.0,0.477135,34.0,995265.0,8945.0,15500.0,5625856.0,3.0129,,1104.0,3.0,28482.0,2073.0,,9.0,,53228.0,0.0,87.0,-1.0,3.0,4670.0,-1.0,https://open.spotify.com/artist/7n8CEf82NSsckIB7kMwm9d,"Oct 31, 2016","Mar 27, 2024"
420588,Luisaker,España,Southern Europe,Europe,He/Him,Artistas solistas,Hip-Hop/Rap,831,96083.0,95955.0,91305.0,Developing,Growth,-1.0,-1.0,-1.0,230.0,354114.0,34806.0,62178.0,105448.0,0.589656,38.0,891159.0,13846.0,105000.0,29503755.0,2.0581,1.0,745.0,2.0,9708.0,,,3.0,2.0,36403.0,3.0263,27.0,-1.0,,3786.0,-1.0,https://open.spotify.com/artist/6qHDnHoUlA5AhDNg7AHRS9,"Jun 25, 2016","May 15, 2024"
1471256,Chico Blanco,España,Southern Europe,Europe,He/Him,Desconocido,"Hip-Hop/Rap, Electronic, House",1057,80365.0,117645.0,36516.0,Developing,Growth,-1.0,-1.0,-1.0,603.0,2593321.0,115899.0,26611.0,104331.0,0.255063,35.0,2170324.0,15517.0,16700.0,6635729.0,-1.0,,257.0,9.0,143541.0,1403.0,,17.0,10.0,27717.0,5.6808,342.0,710.0,,5144.0,-1.0,https://open.spotify.com/artist/7xLtt3vnhKGANQKpsaIMVa,"Feb 8, 2018","Apr 11, 2024"
804399,Dirty Suc,España,Southern Europe,Europe,He/Him,Artistas solistas,"Latin Hip-Hop/Rap, Latin",480,143462.0,124296.0,237056.0,Developing,Steady,-1.0,-1.0,-1.0,83.0,344179.0,9328.0,8515.0,102076.0,0.083418,37.0,439296.0,7054.0,9210.0,3406517.0,7.065200000000001,1.0,42.0,,,,,1.0,1.0,15571.0,14.8487,4.0,-1.0,,,-1.0,https://open.spotify.com/artist/5zziunXg44b8BEQnVx7W2e,"Sep 5, 2017","Apr 24, 2024"
1204438,Goa,España,Southern Europe,Europe,He/Him,Desconocido,"Latin Rock, Latin Hip-Hop/Rap, Alternative, Latin",2297,41716.0,35258.0,108766.0,Mid-Level,Steady,2890.0,4739.0,13.2271,748.0,1248732.0,113395.0,31709.0,89399.0,0.354691,38.0,1450140.0,15607.0,12500.0,3364118.0,15.7826,,2854.0,1.0,244.0,,,6.0,3.0,38194.0,4.3444,40.0,70881.0,3312.0,26964.0,38959.0,"https://open.spotify.com/artist/23NTdBbXdRea2N51NbvAVN, https://open.spotify.com/artist/1jj0qqazY8R9qnrGAKneIh","Aug 10, 2018","Apr 5, 2024"
433212,J Dose,España,Southern Europe,Europe,He/Him,Desconocido,Hip-Hop/Rap,665,113150.0,101688.0,160918.0,Developing,Steady,-1.0,-1.0,-1.0,106.0,150529.0,18683.0,28912.0,86703.0,0.33346,37.0,455681.0,11056.0,248.0,23276.0,-1.0,,144.0,,,,,2.0,,17140.0,3.485,36.0,-1.0,,2970.0,-1.0,"https://open.spotify.com/artist/1O77s4Fe4GrRPBlUKRUcEw, https://open.spotify.com/artist/7b3WnXCJLAodLzEInOFBXD","Aug 10, 2016","Feb 29, 2024"
718795,Petit Ribery,España,Southern Europe,Europe,He/Him,Artistas solistas,"Latin Hip-Hop/Rap, Dirty South, Alternative Rap, Latin",865,93202.0,94482.0,84770.0,Developing,Growth,-1.0,-1.0,-1.0,419.0,420666.0,27351.0,60494.0,86252.0,0.701363,37.0,337804.0,11864.0,100000.0,81377517.0,-1.0,,796.0,,,,,,,52905.0,10.8003,1.0,-1.0,,,8401.0,https://open.spotify.com/artist/77nw9ZsB4jblz7Q1IyIdTY,"Nov 15, 2013","May 19, 2024"
818847,Anier,España,Southern Europe,Europe,She/Her,Artistas solistas,Hip-Hop/Rap,610,120591.0,145405.0,77083.0,Developing,Growth,-1.0,-1.0,-1.0,1333.0,1702288.0,60865.0,128329.0,80443.0,1.595279,33.0,644201.0,9590.0,259000.0,52415103.0,-1.0,1.0,3129.0,2.0,3718.0,1721.0,,3.0,1.0,170028.0,2.1614,103.0,-1.0,56.0,6697.0,105019.0,https://open.spotify.com/artist/29WHGHkCIlASkOrbKKyvcS,"Jun 3, 2015","Oct 26, 2023"
826114,Pedro LaDroga,España,Southern Europe,Europe,He/Him,Desconocido,"Latin Hip-Hop/Rap, Latin",532,133423.0,148913.0,97834.0,Developing,Growth,-1.0,-1.0,-1.0,365.0,624087.0,24889.0,60010.0,76902.0,0.780344,35.0,828163.0,15157.0,23700.0,10164479.0,-1.0,2.0,487.0,4.0,976.0,5663.0,,7.0,3.0,50668.0,6.253699999999999,30.0,3876.0,,4086.0,5118.0,https://open.spotify.com/artist/1kL2dtCF73efjph3etoBAs,"Apr 22, 2012","Jan 13, 2024"
1204439,Pochi,España,Southern Europe,Europe,He/Him,Desconocido,Hip-Hop/Rap,496,140237.0,137850.0,135587.0,Developing,Steady,-1.0,-1.0,-1.0,418.0,522949.0,22815.0,5504.0,72902.0,0.075499,36.0,1034354.0,15885.0,4080.0,1128536.0,-1.0,1.0,325.0,1.0,244.0,,,6.0,,11363.0,11.0593,7.0,-1.0,13.0,,5704.0,https://open.spotify.com/artist/7wbgA4GKIqnYmnUUJbRdrb,"Aug 10, 2018","May 20, 2024"
420203,H Roto,España,Southern Europe,Europe,He/Him,Artistas solistas,"Hip-Hop/Rap, Pop",506,138221.0,144636.0,117250.0,Developing,Decline,-1.0,-1.0,-1.0,772.0,1461677.0,124410.0,12899.0,68654.0,0.187884,30.0,909076.0,13478.0,41200.0,11243518.0,2.1869,1.0,395.0,3.0,212.0,,,3.0,1.0,18413.0,7.1177,8.0,-1.0,,,6652.0,https://open.spotify.com/artist/5Q7VQ40wSh0GOm1CaNOIHL,"Mar 26, 2013","Dec 1, 2023"
4076320,Pirris Sosa,España,Southern Europe,Europe,He/Him,Desconocido,"Latin Hip-Hop/Rap, Latin",534,133167.0,118432.0,192904.0,Developing,Steady,-1.0,-1.0,-1.0,1104.0,1605160.0,36011.0,16042.0,67003.0,0.239422,36.0,165426.0,6571.0,,,-1.0,,118.0,,,,,,,-1.0,-1.0,-1.0,-1.0,,,-1.0,https://open.spotify.com/artist/2UHtbajy8bYx2yOiPZ4ghU,"Nov 28, 2019","Apr 12, 2024"
1375747,Fran Laoren,España,Southern Europe,Europe,He/Him,Artistas solistas,"Hip-Hop/Rap, Pop, Electronic",612,120223.0,116644.0,124815.0,Developing,Steady,-1.0,-1.0,-1.0,142.0,122853.0,18679.0,16653.0,64012.0,0.260154,33.0,558089.0,9761.0,,,-1.0,2.0,135.0,1.0,23.0,561.0,,6.0,,17522.0,6.0904,59.0,-1.0,,2226.0,-1.0,https://open.spotify.com/artist/2g1W9bFVmdIyxvktrdDiO4,"Jul 7, 2017","May 17, 2024"
492157,Ellegas,España,Southern Europe,Europe,He/Him,Artistas solistas,"Latin Hip-Hop/Rap, R&B/Soul, Latin",470,145625.0,166288.0,103329.0,Developing,Steady,-1.0,-1.0,-1.0,54.0,102629.0,27298.0,14605.0,60955.0,0.239603,30.0,1437187.0,6830.0,,,-1.0,,586.0,1.0,10984.0,,,5.0,1.0,-1.0,-1.0,-1.0,-1.0,,,-1.0,https://open.spotify.com/artist/4xD2oueqRvCDui9NWjdPQu,"Apr 5, 2017","Feb 26, 2021"
3557527,OldPurp,España,Southern Europe,Europe,He/Him,Desconocido,Hip-Hop/Rap,545,131107.0,136353.0,109260.0,Developing,Growth,-1.0,-1.0,-1.0,431.0,1421702.0,27328.0,4874.0,58825.0,0.082856,35.0,804539.0,13763.0,,,-1.0,5.0,13.0,3.0,1214.0,,,4.0,,-1.0,-1.0,3.0,-1.0,,,5920.0,https://open.spotify.com/artist/1h0hHYHR3rv8Ol5yudY5Vi,"Feb 14, 2020","May 19, 2024"
1708668,DAPS,España,Southern Europe,Europe,He/Him,Artistas solistas,Hip-Hop/Rap,1048,80877.0,72517.0,123409.0,Developing,Growth,112100.0,3100000.0,16.5897,2538.0,10816089.0,27011.0,11060.0,56327.0,0.196353,31.0,550429.0,8323.0,27600.0,4782349.0,0.8073,,190.0,1.0,2111.0,,,2.0,1.0,10351.0,14.8305,19.0,-1.0,,,28584.0,https://open.spotify.com/artist/4p8mOMhgdi8At62UqfdNhI,"Jul 15, 2011","May 2, 2024"
847040,Ly Raine,España,Southern Europe,Europe,He/Him,Desconocido,"Latin Hip-Hop/Rap, Latin Pop, Latin",247,230804.0,219958.0,218840.0,Developing,Steady,391.0,1802.0,9.1837,303.0,333699.0,109493.0,8293.0,56215.0,0.147523,28.0,395272.0,4107.0,21700.0,2236055.0,-1.0,3.0,269.0,9.0,2900.0,143.0,,3.0,,17060.0,2.0664,8.0,-1.0,,,13970.0,https://open.spotify.com/artist/0WreN2dp4yFtNzyIb2SyW6,"Sep 1, 2017","Feb 29, 2024"
4109506,Retro 1312,España,Southern Europe,Europe,He/Him,Desconocido,"Latin Hip-Hop/Rap, Latin",455,148789.0,133698.0,200197.0,Developing,Growth,-1.0,-1.0,-1.0,705.0,1641558.0,21010.0,18778.0,49711.0,0.377743,38.0,143001.0,5875.0,,,-1.0,,187.0,,,,,,,-1.0,-1.0,3.0,-1.0,,,-1.0,https://open.spotify.com/artist/5AkPwY7c9drzlSBxJDvuZC,"Jul 17, 2020","May 23, 2024"
722388,Papi Trujillo,España,Southern Europe,Europe,He/Him,Grupo,"Latin Hip-Hop/Rap, Latin",668,112821.0,113516.0,105133.0,Developing,Growth,-1.0,-1.0,-1.0,256.0,237326.0,26975.0,41916.0,48179.0,0.870006,33.0,1126965.0,13531.0,11500.0,6023431.0,-1.0,1.0,379.0,4.0,2153.0,604.0,59563.0,5.0,,62662.0,1.1676,26.0,5965.0,,,-1.0,"https://open.spotify.com/artist/6xfmxV0ufvR2JaThswnTh3, https://open.spotify.com/artist/7dG3aAHAFVHMyQo9meGLwb","Sep 2, 2016","May 10, 2024"
762970,Dafresito,España,Southern Europe,Europe,He/Him,Desconocido,"Rock, Hip-Hop/Rap, Punk",535,132960.0,122019.0,164472.0,Developing,Growth,-1.0,-1.0,-1.0,43.0,39837.0,3217.0,6767.0,44001.0,0.153792,29.0,462719.0,5037.0,,,-1.0,,52.0,,,,,1.0,1.0,-1.0,-1.0,1.0,-1.0,,,6291.0,https://open.spotify.com/artist/6wvnfHL3AZG64t14KbNrhG,"Oct 13, 2017","Apr 26, 2024"
3843134,SAM DAVIES,España,Southern Europe,Europe,He/Him,Artistas solistas,Hip-Hop/Rap,369,174000.0,161509.0,198413.0,Developing,Steady,-1.0,-1.0,-1.0,138.0,592335.0,9713.0,7993.0,43188.0,0.185075,29.0,276372.0,7899.0,8990.0,3040019.0,18.6986,1.0,,,,,,,1.0,10820.0,20.6245,2.0,-1.0,,,-1.0,https://open.spotify.com/artist/5IwsimGimVvw3Xb1YKGs0r,"Dec 21, 2018","Oct 19, 2023"
916403,Trapani,España,Southern Europe,Europe,He/Him,Artistas solistas,"Latin Hip-Hop/Rap, Latin",254,226946.0,220073.0,205279.0,Developing,Growth,-1.0,-1.0,-1.0,59.0,39415.0,10253.0,9640.0,42389.0,0.227417,29.0,100149.0,2706.0,1460.0,783132.0,4.2177,,73.0,1.0,202.0,,,,,-1.0,-1.0,35.0,-1.0,,,-1.0,https://open.spotify.com/artist/3bwdyecozAITl0gCVG3dpD,"Jan 1, 2009","Mar 14, 2024"
492621,One Path,España,Southern Europe,Europe,He/Him,Desconocido,"Latin Hip-Hop/Rap, Latin Pop, R&B/Soul, Latin",657,114112.0,126751.0,83197.0,Developing,Steady,-1.0,-1.0,-1.0,347.0,330699.0,23451.0,26404.0,41740.0,0.632583,26.0,572408.0,7673.0,26100.0,7216560.0,-1.0,2.0,423.0,2.0,255.0,,,5.0,,12496.0,2.4226,110.0,2509716.0,,3590.0,-1.0,https://open.spotify.com/artist/5muknVI7xdVX2rt1L6V5Xq,"Jan 1, 2016","May 10, 2024"
233190,SacrificioyPasta,España,Southern Europe,Europe,He/Him,Desconocido,"Latin Hip-Hop/Rap, Latin",275,215502.0,203385.0,227106.0,Developing,Growth,-1.0,-1.0,-1.0,30.0,16938.0,29280.0,12018.0,40244.0,0.298628,28.0,299455.0,7444.0,,,-1.0,,100.0,,,,,,,32.0,53.125,-1.0,3018.0,,,19057.0,"https://open.spotify.com/artist/06t9Cb3fkgycnXAjgbSsGc, https://open.spotify.com/artist/6FWoWEnHUoxQzhYlzSzKI5","Mar 11, 2016","Jun 10, 2022"
720015,LFAM,España,Southern Europe,Europe,He/Him,Grupo,Hip-Hop/Rap,454,149059.0,221310.0,75306.0,Developing,Growth,-1.0,-1.0,-1.0,94.0,4202544.0,13901.0,17123.0,34149.0,0.50142,29.0,80184.0,3308.0,214000.0,5130476.0,-1.0,,,,,,,,,-1.0,-1.0,3.0,-1.0,,,-1.0,https://open.spotify.com/artist/2mRSuQoUY5zLg5hu0fxFRo,"Jan 16, 2014","Feb 22, 2024"
4848525,SuperGloo,España,Southern Europe,Europe,He/Him,Desconocido,"Hip-Hop/Rap, Dance, Rock",287,208768.0,187415.0,290764.0,Developing,Decline,-1.0,-1.0,-1.0,126.0,263166.0,5264.0,5903.0,32455.0,0.181883,27.0,78748.0,4276.0,,,-1.0,,7.0,,,,,,,-1.0,-1.0,-1.0,-1.0,,,-1.0,https://open.spotify.com/artist/0JzQj13ERZ6ABFauXFdLyP,"Dec 10, 2012","Apr 10, 2024"
508655,Afrojuice 195,España,Southern Europe,Europe,He/Him,Grupo,"Latin Hip-Hop/Rap, Latin",256,226189.0,255135.0,140390.0,Developing,Steady,-1.0,-1.0,-1.0,28098.0,55063327.0,71579.0,46115.0,31766.0,1.451709,23.0,710076.0,7562.0,76700.0,19221323.0,-1.0,1.0,509.0,,,552.0,,4.0,,29255.0,1.2245,139.0,1532.0,,2854.0,-1.0,"https://open.spotify.com/artist/0mZl0OZ6A33sN5XKNOfwxH, https://open.spotify.com/artist/2IGraT3U2zm5LNUgKkERPh, https://open.spotify.com/artist/4zsSo50Ho4eLQWprgqidlP","Mar 10, 2017","Apr 15, 2024"
650329,Ivancano,España,Southern Europe,Europe,He/Him,Artistas solistas,"Latin Hip-Hop/Rap, Latin",283,210945.0,216783.0,172642.0,Developing,Growth,-1.0,-1.0,-1.0,91.0,62711.0,24982.0,31569.0,31254.0,1.010079,32.0,355250.0,8854.0,,,-1.0,,132.0,,,,,1.0,1.0,39287.0,2.5827,9.0,-1.0,2.0,,19057.0,https://open.spotify.com/artist/6OF5lzuoV1nvuS8qsNtpcZ,"Mar 11, 2016","May 4, 2024"
4003406,Cutemobb,España,Southern Europe,Europe,He/Him,Grupo,Hip-Hop/Rap,538,132422.0,123882.0,151392.0,Developing,Steady,-1.0,-1.0,-1.0,118.0,922278.0,9627.0,10778.0,28472.0,0.378547,26.0,245936.0,8492.0,,,-1.0,,261.0,,,,,1.0,,-1.0,-1.0,2.0,-1.0,,,-1.0,"https://open.spotify.com/artist/3x0ZxLJ8Jb6PBrsOYnrsQ3, https://open.spotify.com/artist/52oEhGNxNcLuACNqFo11Bw","Oct 23, 2020","Nov 6, 2020"
307524,Erik Urano,España,Southern Europe,Europe,He/Him,Desconocido,Hip-Hop/Rap,181,269522.0,249715.0,289396.0,Developing,Steady,-1.0,-1.0,-1.0,10.0,49518.0,11641.0,15835.0,28426.0,0.55706,26.0,85877.0,2651.0,6980.0,1012544.0,-1.0,,156.0,,,3006.0,,2.0,1.0,18306.0,5.275300000000001,152.0,2267.0,,654.0,-1.0,https://open.spotify.com/artist/4UGlbaxTr9BPv4YLD6iWRN,"Dec 15, 2014","Nov 17, 2023"
558649,Ante ciento veinte,España,Southern Europe,Europe,He/Him,Desconocido,"Hip-Hop/Rap, R&B/Soul, Pop",276,215032.0,245550.0,134194.0,Developing,Steady,-1.0,-1.0,-1.0,190.0,209780.0,10577.0,35445.0,26456.0,1.339772,23.0,556046.0,4889.0,130000.0,27305591.0,0.2438,,454.0,1.0,2910.0,,,,,21473.0,31.2855,1.0,-1.0,,580.0,-1.0,https://open.spotify.com/artist/2gZ16E7yFv3Hj1va4y9hDe,"Feb 3, 2017","Oct 27, 2023"
6124214,Chu4758,España,Southern Europe,Europe,He/Him,Desconocido,Dance,149,296956.0,250700.0,484534.0,Developing,Growth,-1.0,-1.0,-1.0,102.0,111234.0,855.0,483.0,24394.0,0.0198,19.0,38084.0,1422.0,,,-1.0,,,,,,,,,-1.0,-1.0,-1.0,-1.0,,,-1.0,https://open.spotify.com/artist/3J9XvutujwXo6jaeBcoHL3,"Jun 3, 2021","Mar 20, 2024"
722386,G. Soldier,España,Southern Europe,Europe,He/Him,Desconocido,"Hip-Hop/Rap, Gangsta Rap",456,148579.0,123645.0,345652.0,Developing,Steady,-1.0,-1.0,-1.0,1.0,399.0,2610.0,10614.0,24297.0,0.436844,23.0,62751.0,1725.0,,,-1.0,,34.0,,,34.0,,1.0,,-1.0,-1.0,-1.0,-1.0,125.0,,-1.0,https://open.spotify.com/artist/6MNaen76RgGcVEwMMfFKjy,"Dec 26, 2014","Jan 1, 2018"
1351271,Kenya Racaile,España,Southern Europe,Europe,She/Her,Artistas solistas,"Latin Hip-Hop/Rap, Latin",139,307087.0,286898.0,311424.0,Developing,Steady,-1.0,-1.0,-1.0,216.0,656685.0,11756.0,9283.0,19938.0,0.465593,22.0,188185.0,4830.0,,,-1.0,1.0,198.0,,,,,2.0,,18797.0,0.0,26.0,-1.0,,725.0,10986.0,https://open.spotify.com/artist/0NksTHRgwB06L2yPgHCEqk,"Jan 1, 2018","Apr 24, 2024"
3593475,Leftee,España,Southern Europe,Europe,He/Him,Artistas solistas,"Latin Hip-Hop/Rap, Latin Pop, Alternative, Latin",145,300310.0,274293.0,327446.0,Developing,Steady,-1.0,-1.0,-1.0,94.0,62460.0,3872.0,3680.0,19455.0,0.189154,20.0,127789.0,3860.0,,,-1.0,,1824.0,1.0,244.0,,,1.0,,-1.0,-1.0,26.0,-1.0,,587.0,-1.0,https://open.spotify.com/artist/0eXkAv0LeZb2uhZnqPSU3E,"May 23, 2019","Mar 22, 2024"
367784,El Mini,España,Southern Europe,Europe,He/Him,Desconocido,"Latin Hip-Hop/Rap, Latin",379,170442.0,183714.0,138470.0,Developing,Growth,-1.0,-1.0,-1.0,631.0,1309132.0,51447.0,22083.0,18964.0,1.16447,33.0,771841.0,10900.0,,,-1.0,,54.0,1.0,354.0,2103.0,,5.0,,-1.0,-1.0,6.0,1025.0,64.0,,-1.0,https://open.spotify.com/artist/4I5bs1BXz3JsItL4pze2GN,"Apr 28, 2015","Mar 29, 2024"
508657,Scarface Johansson,España,Southern Europe,Europe,He/Him,Desconocido,"Latin Hip-Hop/Rap, Latin",102,358965.0,316666.0,423062.0,Developing,Steady,-1.0,-1.0,-1.0,8.0,4189.0,1319.0,4478.0,12680.0,0.353155,18.0,47802.0,2116.0,,,-1.0,,36.0,,,,,,,-1.0,-1.0,1.0,-1.0,,,-1.0,https://open.spotify.com/artist/2j2TA2FCPqKwLZB2H5qtCX,"Oct 3, 2017","Feb 12, 2024"
658800,La Blondie,España,Southern Europe,Europe,She/Her,Artistas solistas,Hip-Hop/Rap,71,426955.0,410209.0,391068.0,Developing,Decline,-1.0,-1.0,-1.0,4989.0,1675703.0,135542.0,7742.0,9479.0,0.816753,14.0,336647.0,2425.0,,,-1.0,,111.0,,,,,1.0,,21224.0,2.5859,16.0,-1.0,,,17790.0,https://open.spotify.com/artist/5beYNHgHTJpIgDOtYfknoH,"Nov 21, 2016","Jul 28, 2022"
550358,JUANIH SOUTH,España,Southern Europe,Europe,He/Him,Artistas solistas,Hip-Hop/Rap,155,291107.0,329163.0,192740.0,Developing,Growth,-1.0,-1.0,-1.0,43.0,50874.0,319694.0,17803.0,9351.0,1.903861,21.0,547631.0,3479.0,39200.0,9702120.0,-1.0,,122.0,,,892.0,,6.0,,11115.0,1.6972,3.0,-1.0,,,-1.0,https://open.spotify.com/artist/4P9bSsLwn31NnduS5HyGKd,"Jan 6, 2017","Dec 21, 2023"
3476265,Uzii Gaang,España,Southern Europe,Europe,He/Him,Desconocido,"Latin Hip-Hop/Rap, Alternative, Latin",292,205914.0,213144.0,168974.0,Developing,Steady,-1.0,-1.0,-1.0,795.0,3561706.0,24699.0,5323.0,9059.0,0.587592,31.0,430596.0,11457.0,,,-1.0,,40.0,2.0,267.0,344.0,,3.0,,-1.0,-1.0,4.0,-1.0,,,-1.0,https://open.spotify.com/artist/7sRct0HMMs3s99sNQPjfEt,"Jan 6, 2020","Apr 19, 2024"
828796,Lil Moss,España,Southern Europe,Europe,He/Him,Desconocido,"Latin Hip-Hop/Rap, Latin, Trap",98,365760.0,365883.0,313901.0,Developing,Steady,-1.0,-1.0,-1.0,30.0,18894.0,3737.0,15524.0,7369.0,2.106663,16.0,189964.0,3550.0,,,-1.0,,54.0,,,23.0,,2.0,,8945.0,7.1716,1.0,-1.0,,,-1.0,https://open.spotify.com/artist/2cxA3EN6JqnUXyct3Mkwkm,"Dec 22, 2017","May 4, 2023"
722389,Flaccosucio,España,Southern Europe,Europe,He/Him,Desconocido,"Latin Hip-Hop/Rap, R&B/Soul, Latin, Trap",107,348446.0,321307.0,354430.0,Developing,Growth,-1.0,-1.0,-1.0,66.0,51499.0,2752.0,15006.0,4945.0,3.03458,17.0,94872.0,1463.0,15500.0,5594451.0,1.2,,59.0,,,,,,,15648.0,3.2763,22.0,-1.0,,,-1.0,https://open.spotify.com/artist/59bMOiPLUbNT65D72O2csW,"Aug 30, 2016","Jan 19, 2024"
310458,Acqua Toffana,España,Southern Europe,Europe,He/Him,Desconocido,Hip-Hop/Rap,295,204445.0,173424.0,343402.0,Developing,Steady,-1.0,-1.0,-1.0,2.0,1279.0,956.0,8315.0,4393.0,1.892784,11.0,121884.0,1672.0,,,-1.0,,117.0,1.0,2910.0,,,,1.0,-1.0,-1.0,2.0,-1.0,278.0,,-1.0,https://open.spotify.com/artist/4XbpehZzAcBrlvHAwn5rZu,"Nov 24, 2009","Feb 7, 2020"
1026249,Le Rue Boys,España,Southern Europe,Europe,He/Him,Desconocido,"Latin Hip-Hop/Rap, Latin, Trap",108,348193.0,321228.0,353877.0,Developing,Growth,-1.0,-1.0,-1.0,10.0,3917.0,2500.0,8324.0,3577.0,2.32709,14.0,52215.0,1156.0,31600.0,8077672.0,2.6899,,63.0,,,,,,,1853.0,13.7708,1.0,857.0,10.0,,-1.0,https://open.spotify.com/artist/6h8rZuteWcxF048cDfTeJb,"Mar 9, 2017","Jul 24, 2020"
744492,Saox,España,Southern Europe,Europe,He/Him,Artistas solistas,"Latin Hip-Hop/Rap, R&B/Soul, Reggaeton, Latin",232,238597.0,299110.0,130421.0,Developing,Steady,-1.0,-1.0,-1.0,50.0,37530.0,58506.0,472.0,3435.0,0.137409,29.0,846358.0,7977.0,,,-1.0,,8.0,1.0,741.0,,,1.0,3.0,-1.0,-1.0,1.0,-1.0,,,5929.0,"https://open.spotify.com/artist/3lpZToDYKQHCfURjBX8Eev, https://open.spotify.com/artist/2xJoyQrSE0ZtOp1pVHv8rk, https://open.spotify.com/artist/0WK3tWlmU4jfmQYqXZb8BH","Jan 1, 2017","May 22, 2023"
298688,Primer Dan,España,Southern Europe,Europe,He/Him,Artistas solistas,"Latin Hip-Hop/Rap, Latin",58,471824.0,377334.0,649337.0,Developing,Steady,-1.0,-1.0,-1.0,120.0,340246.0,423.0,2956.0,1585.0,1.864984,10.0,41168.0,451.0,,,-1.0,,47.0,,,,,,,-1.0,-1.0,7.0,-1.0,50.0,,-1.0,https://open.spotify.com/artist/3oWpBxoY21p0IAj1DjZQ9P,"Oct 23, 2007","May 25, 2023"
1036589,Gvzzy,España,Southern Europe,Europe,He/Him,Grupo,"Latin Hip-Hop/Rap, Latin",13,918011.0,772030.0,895451.0,Developing,Steady,-1.0,-1.0,-1.0,47.0,14216.0,182.0,437.0,923.0,0.473456,3.0,54948.0,280.0,,,-1.0,,6.0,,,,,,,-1.0,-1.0,-1.0,-1.0,,,-1.0,https://open.spotify.com/artist/0ByJoTp0dXdtFn5bDs0GNO,"Jan 1, 2018","Jan 26, 2024"
3444129,PXXR GANGG,España,Southern Europe,Europe,He/Him,Desconocido,"Latin Hip-Hop/Rap, Latin",273,216683.0,230108.0,155043.0,Developing,Steady,-1.0,-1.0,-1.0,1793.0,7766852.0,40181.0,15613.0,4.0,3903.25,0.0,298157.0,9372.0,,,-1.0,,339.0,,,,,,,-1.0,-1.0,-1.0,-1.0,,,-1.0,https://open.spotify.com/artist/2FSfqvAxl0YRxEfVdcAHGz,"Nov 11, 2019","Mar 30, 2023"
3550223,Young Muzik,España,Southern Europe,Europe,He/Him,Desconocido,Hip-Hop/Rap,0,95145.89102564105,,104397.26923076923,Developing,Growth,-1.0,-1.0,-1.0,62752.070967741936,100797657.43225808,38.0,-1.0,-1.0,-1.0,-1.0,933.0,14.0,,,-1.0,,1.0,,,,,,,-1.0,-1.0,-1.0,-1.0,,,-1.0,https://open.spotify.com/artist/7E2KFcHwDnRMqELEJZZc7m,"Dec 1, 2017","Dec 1, 2017"
